0.111146
0.0827483
0.0655257
0.0540905
0.0459871
0.0399616
0.0353135
0.0316231
0.0286242
0.0261404
0.0240503
0.0222676
0.0207295
0.0193891
0.0182108
0.0171669
0.0162357
0.0154
0.0146458
0.0139619
0.0133388
0.0127688
0.0122454
0.0117631
0.0113173
0.010904
0.0105198
0.0101617
0.00982709
0.0095138
0.00921984
0.00894349
0.00868319
0.00843759
0.0082055
0.00798581
0.00777757
0.0075799
0.00739202
0.00721323
0.00704286
0.00688036
0.00672517
0.00657683
0.00643488
0.00629893
0.0061686
0.00604355
0.00592347
0.00580807
0.00569707
0.00559023
0.00548731
0.00538813
0.00529246
0.00520013
0.00511096
0.0050248
0.00494149
0.0048609
0.0047829
0.00470736
0.00463416
0.0045632
0.00449439
0.00442762
0.0043628
0.00429985
0.00423869
0.00417926
0.00412146
0.00406523
0.00401052
0.00395727
0.00390541
0.00385488
0.00380565
0.00375767
0.00371088
0.00366523
0.0036207
0.00357723
0.00353479
0.00349336
0.00345288
0.00341332
0.00337467
0.00333687
0.00329992
