3.557 2.24972 2.25356
3.55706 2.25258 2.2561
3.55713 2.25546 2.25863
3.55719 2.25835 2.26117
3.55725 2.26125 2.26371
3.55731 2.26417 2.26625
3.55738 2.26709 2.26878
3.55744 2.27002 2.27132
3.5575 2.27295 2.27386
3.55757 2.27589 2.2764
3.55763 2.27882 2.27893
3.55769 2.28176 2.28147
3.55775 2.2847 2.28401
3.55782 2.28764 2.28655
3.55788 2.29057 2.28909
3.55794 2.29349 2.29163
3.55801 2.29641 2.29416
3.55807 2.29932 2.2967
3.55813 2.30222 2.29924
3.55819 2.30511 2.30178
3.55826 2.30798 2.30432
3.55832 2.31084 2.30686
3.55838 2.31369 2.3094
3.55845 2.31652 2.31194
3.55851 2.31933 2.31448
3.55857 2.32212 2.31701
3.55863 2.32489 2.31955
3.5587 2.32764 2.32209
3.55876 2.33036 2.32463
3.55882 2.33307 2.32717
3.55888 2.33575 2.32971
