0 0
6.28319e-05 3.94784e-09
0.000125664 1.57914e-08
0.000188496 3.55306e-08
0.000251327 6.31654e-08
0.000314159 9.8696e-08
0.000376991 1.42122e-07
0.000439823 1.93444e-07
0.000502655 2.52662e-07
0.000565487 3.19775e-07
0.000628319 3.94783e-07
0.00069115 4.77688e-07
0.000753982 5.68488e-07
0.000816814 6.67183e-07
0.000879646 7.73774e-07
0.000942478 8.88261e-07
0.00100531 1.01064e-06
0.00106814 1.14092e-06
0.00113097 1.27909e-06
0.00119381 1.42516e-06
0.00125664 1.57912e-06
0.00131947 1.74098e-06
0.0013823 1.91074e-06
0.00144513 2.08839e-06
0.00150796 2.27393e-06
0.0015708 2.46737e-06
0.00163363 2.66871e-06
0.00169646 2.87794e-06
0.00175929 3.09506e-06
0.00182212 3.32008e-06
0.00188496 3.553e-06
0.00194779 3.7938e-06
0.00201062 4.04251e-06
0.00207345 4.29911e-06
0.00213628 4.5636e-06
0.00219911 4.83599e-06
0.00226195 5.11627e-06
0.00232478 5.40445e-06
0.00238761 5.70052e-06
0.00245044 6.00449e-06
0.00251327 6.31635e-06
0.00257611 6.6361e-06
0.00263894 6.96375e-06
0.00270177 7.2993e-06
0.0027646 7.64273e-06
0.00282743 7.99406e-06
0.00289027 8.35329e-06
0.0029531 8.72041e-06
0.00301593 9.09542e-06
0.00307876 9.47832e-06
0.00314159 9.86912e-06
0.00320442 1.02678e-05
0.00326726 1.06744e-05
0.00333009 1.10889e-05
0.00339292 1.15113e-05
0.00345575 1.19415e-05
0.00351858 1.23797e-05
0.00358142 1.28257e-05
0.00364425 1.32797e-05
0.00370708 1.37415e-05
0.00376991 1.42112e-05
0.00383274 1.46889e-05
0.00389557 1.51744e-05
0.00395841 1.56678e-05
0.00402124 1.61691e-05
0.00408407 1.66783e-05
0.0041469 1.71953e-05
0.00420973 1.77203e-05
0.00427257 1.82532e-05
0.0043354 1.87939e-05
0.00439823 1.93426e-05
0.00446106 1.98991e-05
0.00452389 2.04635e-05
0.00458673 2.10359e-05
0.00464956 2.16161e-05
0.00471239 2.22042e-05
0.00477522 2.28002e-05
0.00483805 2.34041e-05
0.00490088 2.40158e-05
0.00496372 2.46355e-05
0.00502655 2.5263e-05
0.00508938 2.58985e-05
0.00515221 2.65418e-05
0.00521504 2.7193e-05
0.00527788 2.78521e-05
0.00534071 2.85191e-05
0.00540354 2.9194e-05
0.00546637 2.98768e-05
0.0055292 3.05675e-05
0.00559203 3.1266e-05
0.00565487 3.19725e-05
0.0057177 3.26868e-05
0.00578053 3.3409e-05
0.00584336 3.41391e-05
0.00590619 3.48771e-05
0.00596903 3.5623e-05
0.00603186 3.63768e-05
0.00609469 3.71384e-05
0.00615752 3.7908e-05
0.00622035 3.86854e-05
0.00628319 3.94707e-05
0.00634602 4.02639e-05
0.00640885 4.1065e-05
0.00647168 4.1874e-05
0.00653451 4.26909e-05
0.00659734 4.35156e-05
0.00666018 4.43482e-05
0.00672301 4.51888e-05
0.00678584 4.60372e-05
0.00684867 4.68935e-05
0.0069115 4.77576e-05
0.00697434 4.86297e-05
0.00703717 4.95096e-05
0.0071 5.03975e-05
0.00716283 5.12932e-05
0.00722566 5.21968e-05
0.00728849 5.31082e-05
0.00735133 5.40276e-05
0.00741416 5.49548e-05
0.00747699 5.589e-05
0.00753982 5.6833e-05
0.00760265 5.77839e-05
0.00766549 5.87426e-05
0.00772832 5.97093e-05
0.00779115 6.06838e-05
0.00785398 6.16663e-05
0.00791681 6.26566e-05
0.00797965 6.36547e-05
0.00804248 6.46608e-05
0.00810531 6.56747e-05
0.00816814 6.66966e-05
0.00823097 6.77263e-05
0.0082938 6.87638e-05
0.00835664 6.98093e-05
0.00841947 7.08627e-05
0.0084823 7.19239e-05
0.00854513 7.2993e-05
0.00860796 7.40699e-05
0.0086708 7.51548e-05
0.00873363 7.62475e-05
0.00879646 7.73482e-05
0.00885929 7.84566e-05
0.00892212 7.9573e-05
0.00898495 8.06973e-05
0.00904779 8.18294e-05
0.00911062 8.29694e-05
0.00917345 8.41173e-05
0.00923628 8.5273e-05
0.00929911 8.64366e-05
0.00936195 8.76081e-05
0.00942478 8.87875e-05
0.00948761 8.99748e-05
0.00955044 9.11699e-05
0.00961327 9.23729e-05
0.00967611 9.35838e-05
0.00973894 9.48025e-05
0.00980177 9.60291e-05
0.0098646 9.72636e-05
0.00992743 9.8506e-05
0.00999026 9.97562e-05
0.0100531 0.000101014
0.0101159 0.00010228
0.0101788 0.000103554
0.0102416 0.000104836
0.0103044 0.000106126
0.0103673 0.000107423
0.0104301 0.000108728
0.0104929 0.000110042
0.0105558 0.000111363
0.0106186 0.000112692
0.0106814 0.000114028
0.0107442 0.000115373
0.0108071 0.000116726
0.0108699 0.000118086
0.0109327 0.000119454
0.0109956 0.000120831
0.0110584 0.000122215
0.0111212 0.000123606
0.0111841 0.000125006
0.0112469 0.000126414
0.0113097 0.000127829
