0 0 1
0.01 -2.75546e-18 1
0.02 -5.51091e-18 1
0.03 -8.26637e-18 1
0.04 -1.10218e-17 1
0.05 -1.37773e-17 1
0.06 -1.65327e-17 1
0.07 -1.92882e-17 1
0.08 -2.20436e-17 1
0.09 -2.47991e-17 1
0.1 -2.75546e-17 1
0.11 -3.031e-17 1
0.12 -3.30655e-17 1
0.13 -3.58209e-17 1
0.14 -3.85764e-17 1
0.15 -4.13318e-17 1
0.16 -4.40873e-17 1
0.17 -4.68427e-17 1
0.18 -4.95982e-17 1
0.19 -5.23537e-17 1
0.2 -5.51091e-17 1
0.21 -5.78646e-17 1
0.22 -6.062e-17 1
0.23 -6.33755e-17 1
0.24 -6.61309e-17 1
0.25 -6.88864e-17 1
0.26 -7.16418e-17 1
0.27 -7.43973e-17 1
0.28 -7.71527e-17 1
0.29 -7.99082e-17 1
0.3 -8.26637e-17 1
0.31 -8.54191e-17 1
0.32 -8.81746e-17 1
0.33 -9.093e-17 1
0.34 -9.36855e-17 1
0.35 -9.64409e-17 1
0.36 -9.91964e-17 1
0.37 -1.01952e-16 1
0.38 -1.04707e-16 1
0.39 -1.07463e-16 1
0.4 -1.10218e-16 1
0.41 -1.12974e-16 1
0.42 -1.15729e-16 1
0.43 -1.18485e-16 1
0.44 -1.2124e-16 1
0.45 -1.23995e-16 1
0.46 -1.26751e-16 1
0.47 -1.29506e-16 1
0.48 -1.32262e-16 1
0.49 -1.35017e-16 1
0.5 -1.37773e-16 1
0.51 -1.40528e-16 1
0.52 -1.43284e-16 1
0.53 -1.46039e-16 1
0.54 -1.48795e-16 1
0.55 -1.5155e-16 1
0.56 -1.54305e-16 1
0.57 -1.57061e-16 1
0.58 -1.59816e-16 1
0.59 -1.62572e-16 1
0.6 -1.65327e-16 1
0.61 -1.68083e-16 1
0.62 -1.70838e-16 1
0.63 -1.73594e-16 1
0.64 -1.76349e-16 1
0.65 -1.79105e-16 1
0.66 -1.8186e-16 1
0.67 -1.84616e-16 1
0.68 -1.87371e-16 1
0.69 -1.90126e-16 1
0.7 -1.92882e-16 1
0.71 -1.95637e-16 1
0.72 -1.98393e-16 1
0.73 -2.01148e-16 1
0.74 -2.03904e-16 1
0.75 -2.06659e-16 1
0.76 -2.09415e-16 1
0.77 -2.1217e-16 1
0.78 -2.14926e-16 1
0.79 -2.17681e-16 1
0.8 -2.20436e-16 1
0.81 -2.23192e-16 1
0.82 -2.25947e-16 1
0.83 -2.28703e-16 1
0.84 -2.31458e-16 1
0.85 -2.34214e-16 1
0.86 -2.36969e-16 1
0.87 -2.39725e-16 1
0.88 -2.4248e-16 1
0.89 -2.45236e-16 1
0.9 -2.47991e-16 1
0.91 -2.50746e-16 1
0.92 -2.53502e-16 1
0.93 -2.56257e-16 1
0.94 -2.59013e-16 1
0.95 -2.61768e-16 1
0.96 -2.64524e-16 1
0.97 -2.67279e-16 1
0.98 -2.70035e-16 1
0.99 -2.7279e-16 1
1 -2.75546e-16 1
1.01 -2.78301e-16 1
1.02 -2.81056e-16 1
1.03 -2.83812e-16 1
1.04 -2.86567e-16 1
1.05 -2.89323e-16 1
1.06 -2.92078e-16 1
1.07 -2.94834e-16 1
1.08 -2.97589e-16 1
1.09 -3.00345e-16 1
1.1 -3.031e-16 1
1.11 -3.05856e-16 1
1.12 -3.08611e-16 1
1.13 -3.11366e-16 1
1.14 -3.14122e-16 1
1.15 -3.16877e-16 1
1.16 -3.19633e-16 1
1.17 -3.22388e-16 1
1.18 -3.25144e-16 1
1.19 -3.27899e-16 1
1.2 -3.30655e-16 1
1.21 -3.3341e-16 1
1.22 -3.36166e-16 1
1.23 -3.38921e-16 1
1.24 -3.41676e-16 1
1.25 -3.44432e-16 1
1.26 -3.47187e-16 1
1.27 -3.49943e-16 1
1.28 -3.52698e-16 1
1.29 -3.55454e-16 1
1.3 -3.58209e-16 1
1.31 -3.60965e-16 1
1.32 -3.6372e-16 1
1.33 -3.66476e-16 1
1.34 -3.69231e-16 1
1.35 -3.71986e-16 1
1.36 -3.74742e-16 1
1.37 -3.77497e-16 1
1.38 -3.80253e-16 1
1.39 -3.83008e-16 1
1.4 -3.85764e-16 1
1.41 -3.88519e-16 1
1.42 -3.91275e-16 1
1.43 -3.9403e-16 1
1.44 -3.96786e-16 1
1.45 -3.99541e-16 1
1.46 -4.02296e-16 1
1.47 -4.05052e-16 1
1.48 -4.07807e-16 1
1.49 -4.10563e-16 1

0 0 2
0.01 -0.0105359 2
0.02 -0.0209304 2
0.03 -0.0311834 2
0.04 -0.041295 2
0.05 -0.0512652 2
0.06 -0.061094 2
0.07 -0.0707814 2
0.08 -0.0803273 2
0.09 -0.0897319 2
0.1 -0.0989949 2
0.11 -0.108117 2
0.12 -0.117097 2
0.13 -0.125936 2
0.14 -0.134633 2
0.15 -0.143189 2
0.16 -0.151604 2
0.17 -0.159877 2
0.18 -0.168009 2
0.19 -0.175999 2
0.2 -0.183848 2
0.21 -0.191555 2
0.22 -0.199121 2
0.23 -0.206546 2
0.24 -0.213829 2
0.25 -0.220971 2
0.26 -0.227971 2
0.27 -0.23483 2
0.28 -0.241548 2
0.29 -0.248124 2
0.3 -0.254558 2
0.31 -0.260852 2
0.32 -0.267004 2
0.33 -0.273014 2
0.34 -0.278883 2
0.35 -0.28461 2
0.36 -0.290197 2
0.37 -0.295641 2
0.38 -0.300945 2
0.39 -0.306107 2
0.4 -0.311127 2
0.41 -0.316006 2
0.42 -0.320744 2
0.43 -0.32534 2
0.44 -0.329795 2
0.45 -0.334108 2
0.46 -0.33828 2
0.47 -0.34231 2
0.48 -0.346199 2
0.49 -0.349947 2
0.5 -0.353553 2
0.51 -0.357018 2
0.52 -0.360342 2
0.53 -0.363524 2
0.54 -0.366564 2
0.55 -0.369463 2
0.56 -0.372221 2
0.57 -0.374837 2
0.58 -0.377312 2
0.59 -0.379646 2
0.6 -0.381838 2
0.61 -0.383888 2
0.62 -0.385797 2
0.63 -0.387565 2
0.64 -0.389192 2
0.65 -0.390676 2
0.66 -0.39202 2
0.67 -0.393222 2
0.68 -0.394283 2
0.69 -0.395202 2
0.7 -0.39598 2
0.71 -0.396616 2
0.72 -0.397111 2
0.73 -0.397465 2
0.74 -0.397677 2
0.75 -0.397748 2
0.76 -0.397677 2
0.77 -0.397465 2
0.78 -0.397111 2
0.79 -0.396616 2
0.8 -0.39598 2
0.81 -0.395202 2
0.82 -0.394283 2
0.83 -0.393222 2
0.84 -0.39202 2
0.85 -0.390676 2
0.86 -0.389192 2
0.87 -0.387565 2
0.88 -0.385797 2
0.89 -0.383888 2
0.9 -0.381838 2
0.91 -0.379646 2
0.92 -0.377312 2
0.93 -0.374837 2
0.94 -0.372221 2
0.95 -0.369463 2
0.96 -0.366564 2
0.97 -0.363524 2
0.98 -0.360342 2
0.99 -0.357018 2
1 -0.353553 2
1.01 -0.349947 2
1.02 -0.346199 2
1.03 -0.34231 2
1.04 -0.33828 2
1.05 -0.334108 2
1.06 -0.329795 2
1.07 -0.32534 2
1.08 -0.320744 2
1.09 -0.316006 2
1.1 -0.311127 2
1.11 -0.306107 2
1.12 -0.300945 2
1.13 -0.295641 2
1.14 -0.290197 2
1.15 -0.28461 2
1.16 -0.278883 2
1.17 -0.273014 2
1.18 -0.267004 2
1.19 -0.260852 2
1.2 -0.254558 2
1.21 -0.248124 2
1.22 -0.241548 2
1.23 -0.23483 2
1.24 -0.227971 2
1.25 -0.220971 2
1.26 -0.213829 2
1.27 -0.206546 2
1.28 -0.199121 2
1.29 -0.191555 2
1.3 -0.183848 2
1.31 -0.175999 2
1.32 -0.168009 2
1.33 -0.159877 2
1.34 -0.151604 2
1.35 -0.143189 2
1.36 -0.134633 2
1.37 -0.125936 2
1.38 -0.117097 2
1.39 -0.108117 2
1.4 -0.0989949 2
1.41 -0.0897319 2
1.42 -0.0803273 2
1.43 -0.0707814 2
1.44 -0.061094 2
1.45 -0.0512652 2
1.46 -0.041295 2
1.47 -0.0311834 2
1.48 -0.0209304 2
1.49 -0.0105359 2

0 0 3
0.01 0.029204 3
0.02 0.056832 3
0.03 0.082908 3
0.04 0.107456 3
0.05 0.1305 3
0.06 0.152064 3
0.07 0.172172 3
0.08 0.190848 3
0.09 0.208116 3
0.1 0.224 3
0.11 0.238524 3
0.12 0.251712 3
0.13 0.263588 3
0.14 0.274176 3
0.15 0.2835 3
0.16 0.291584 3
0.17 0.298452 3
0.18 0.304128 3
0.19 0.308636 3
0.2 0.312 3
0.21 0.314244 3
0.22 0.315392 3
0.23 0.315468 3
0.24 0.314496 3
0.25 0.3125 3
0.26 0.309504 3
0.27 0.305532 3
0.28 0.300608 3
0.29 0.294756 3
0.3 0.288 3
0.31 0.280364 3
0.32 0.271872 3
0.33 0.262548 3
0.34 0.252416 3
0.35 0.2415 3
0.36 0.229824 3
0.37 0.217412 3
0.38 0.204288 3
0.39 0.190476 3
0.4 0.176 3
0.41 0.160884 3
0.42 0.145152 3
0.43 0.128828 3
0.44 0.111936 3
0.45 0.0945 3
0.46 0.076544 3
0.47 0.058092 3
0.48 0.039168 3
0.49 0.019796 3
0.5 -4.28781e-16 3
0.51 -0.020196 3
0.52 -0.040768 3
0.53 -0.061692 3
0.54 -0.082944 3
0.55 -0.1045 3
0.56 -0.126336 3
0.57 -0.148428 3
0.58 -0.170752 3
0.59 -0.193284 3
0.6 -0.216 3
0.61 -0.238876 3
0.62 -0.261888 3
0.63 -0.285012 3
0.64 -0.308224 3
0.65 -0.3315 3
0.66 -0.354816 3
0.67 -0.378148 3
0.68 -0.401472 3
0.69 -0.424764 3
0.7 -0.448 3
0.71 -0.471156 3
0.72 -0.494208 3
0.73 -0.517132 3
0.74 -0.539904 3
0.75 -0.5625 3
0.76 -0.584896 3
0.77 -0.607068 3
0.78 -0.628992 3
0.79 -0.650644 3
0.8 -0.672 3
0.81 -0.693036 3
0.82 -0.713728 3
0.83 -0.734052 3
0.84 -0.753984 3
0.85 -0.7735 3
0.86 -0.792576 3
0.87 -0.811188 3
0.88 -0.829312 3
0.89 -0.846924 3
0.9 -0.864 3
0.91 -0.880516 3
0.92 -0.896448 3
0.93 -0.911772 3
0.94 -0.926464 3
0.95 -0.9405 3
0.96 -0.953856 3
0.97 -0.966508 3
0.98 -0.978432 3
0.99 -0.989604 3
1 -1 3
1.01 -1.0096 3
1.02 -1.01837 3
1.03 -1.02629 3
1.04 -1.03334 3
1.05 -1.0395 3
1.06 -1.04474 3
1.07 -1.04903 3
1.08 -1.05235 3
1.09 -1.05468 3
1.1 -1.056 3
1.11 -1.05628 3
1.12 -1.05549 3
1.13 -1.05361 3
1.14 -1.05062 3
1.15 -1.0465 3
1.16 -1.04122 3
1.17 -1.03475 3
1.18 -1.02707 3
1.19 -1.01816 3
1.2 -1.008 3
1.21 -0.996556 3
1.22 -0.983808 3
1.23 -0.969732 3
1.24 -0.954304 3
1.25 -0.9375 3
1.26 -0.919296 3
1.27 -0.899668 3
1.28 -0.878592 3
1.29 -0.856044 3
1.3 -0.832 3
1.31 -0.806436 3
1.32 -0.779328 3
1.33 -0.750652 3
1.34 -0.720384 3
1.35 -0.6885 3
1.36 -0.654976 3
1.37 -0.619788 3
1.38 -0.582912 3
1.39 -0.544324 3
1.4 -0.504 3
1.41 -0.461916 3
1.42 -0.418048 3
1.43 -0.372372 3
1.44 -0.324864 3
1.45 -0.2755 3
1.46 -0.224256 3
1.47 -0.171108 3
1.48 -0.116032 3
1.49 -0.059004 3

0 0 4
0.01 -0.00359292 4
0.02 -0.00637911 4
0.03 -0.00841252 4
0.04 -0.00974605 4
0.05 -0.0104315 4
0.06 -0.0105198 4
0.07 -0.0100605 4
0.08 -0.00910244 4
0.09 -0.00769321 4
0.1 -0.00587942 4
0.11 -0.00370662 4
0.12 -0.0012193 4
0.13 0.00153909 4
0.14 0.00452614 4
0.15 0.00770051 4
0.16 0.0110219 4
0.17 0.0144511 4
0.18 0.0179498 4
0.19 0.0214809 4
0.2 0.0250084 4
0.21 0.0284971 4
0.22 0.0319131 4
0.23 0.0352233 4
0.24 0.038396 4
0.25 0.0414002 4
0.26 0.0442062 4
0.27 0.0467851 4
0.28 0.0491093 4
0.29 0.0511521 4
0.3 0.052888 4
0.31 0.0542923 4
0.32 0.0553415 4
0.33 0.0560132 4
0.34 0.056286 4
0.35 0.0561396 4
0.36 0.0555545 4
0.37 0.0545126 4
0.38 0.0529966 4
0.39 0.0509903 4
0.4 0.0484788 4
0.41 0.0454478 4
0.42 0.0418844 4
0.43 0.0377767 4
0.44 0.0331136 4
0.45 0.0278854 4
0.46 0.0220832 4
0.47 0.0156992 4
0.48 0.00872683 4
0.49 0.0011603 4
0.5 -0.00700498 4
0.51 -0.0157726 4
0.52 -0.025145 4
0.53 -0.0351237 4
0.54 -0.0457091 4
0.55 -0.0569007 4
0.56 -0.0686966 4
0.57 -0.0810943 4
0.58 -0.0940898 4
0.59 -0.107678 4
0.6 -0.121854 4
0.61 -0.13661 4
0.62 -0.151939 4
0.63 -0.16783 4
0.64 -0.184275 4
0.65 -0.201262 4
0.66 -0.218779 4
0.67 -0.236812 4
0.68 -0.255348 4
0.69 -0.274371 4
0.7 -0.293865 4
0.71 -0.313812 4
0.72 -0.334194 4
0.73 -0.354991 4
0.74 -0.376183 4
0.75 -0.397748 4
0.76 -0.419663 4
0.77 -0.441905 4
0.78 -0.464449 4
0.79 -0.487269 4
0.8 -0.510339 4
0.81 -0.533629 4
0.82 -0.557113 4
0.83 -0.580758 4
0.84 -0.604535 4
0.85 -0.628411 4
0.86 -0.652353 4
0.87 -0.676327 4
0.88 -0.700297 4
0.89 -0.724228 4
0.9 -0.748081 4
0.91 -0.771819 4
0.92 -0.795402 4
0.93 -0.81879 4
0.94 -0.84194 4
0.95 -0.864811 4
0.96 -0.887358 4
0.97 -0.909538 4
0.98 -0.931303 4
0.99 -0.952608 4
1 -0.973405 4
1.01 -0.993644 4
1.02 -1.01328 4
1.03 -1.03225 4
1.04 -1.05051 4
1.05 -1.06801 4
1.06 -1.08469 4
1.07 -1.1005 4
1.08 -1.11538 4
1.09 -1.12928 4
1.1 -1.14213 4
1.11 -1.15387 4
1.12 -1.16445 4
1.13 -1.1738 4
1.14 -1.18187 4
1.15 -1.18858 4
1.16 -1.19388 4
1.17 -1.19769 4
1.18 -1.19996 4
1.19 -1.20061 4
1.2 -1.19957 4
1.21 -1.19677 4
1.22 -1.19215 4
1.23 -1.18563 4
1.24 -1.17714 4
1.25 -1.1666 4
1.26 -1.15394 4
1.27 -1.13908 4
1.28 -1.12195 4
1.29 -1.10247 4
1.3 -1.08055 4
1.31 -1.05612 4
1.32 -1.0291 4
1.33 -0.999403 4
1.34 -0.966944 4
1.35 -0.93164 4
1.36 -0.893406 4
1.37 -0.852155 4
1.38 -0.8078 4
1.39 -0.760251 4
1.4 -0.709419 4
1.41 -0.655212 4
1.42 -0.597539 4
1.43 -0.536308 4
1.44 -0.471423 4
1.45 -0.40279 4
1.46 -0.330312 4
1.47 -0.253894 4
1.48 -0.173435 4
1.49 -0.0888371 4

0 0 5
0.01 -0.00891855 5
0.02 -0.0163474 5
0.03 -0.0223831 5
0.04 -0.02712 5
0.05 -0.0306499 5
0.06 -0.0330619 5
0.07 -0.0344431 5
0.08 -0.0348779 5
0.09 -0.0344485 5
0.1 -0.0332346 5
0.11 -0.0313137 5
0.12 -0.0287608 5
0.13 -0.0256489 5
0.14 -0.0220485 5
0.15 -0.0180279 5
0.16 -0.0136531 5
0.17 -0.00898814 5
0.18 -0.00409461 5
0.19 0.000967968 5
0.2 0.00614222 5
0.21 0.0113729 5
0.22 0.0166069 5
0.23 0.0217932 5
0.24 0.0268827 5
0.25 0.0318286 5
0.26 0.0365859 5
0.27 0.0411117 5
0.28 0.0453651 5
0.29 0.0493071 5
0.3 0.0529007 5
0.31 0.0561108 5
0.32 0.0589042 5
0.33 0.0612495 5
0.34 0.0631174 5
0.35 0.0644801 5
0.36 0.0653119 5
0.37 0.0655887 5
0.38 0.0652883 5
0.39 0.0643903 5
0.4 0.0628758 5
0.41 0.0607279 5
0.42 0.0579312 5
0.43 0.0544721 5
0.44 0.0503385 5
0.45 0.04552 5
0.46 0.0400079 5
0.47 0.033795 5
0.48 0.0268757 5
0.49 0.0192459 5
0.5 0.0109031 5
0.51 0.00184629 5
0.52 -0.00792411 5
0.53 -0.0184061 5
0.54 -0.0295965 5
0.55 -0.0414902 5
0.56 -0.0540813 5
0.57 -0.067362 5
0.58 -0.0813235 5
0.59 -0.0959554 5
0.6 -0.111246 5
0.61 -0.127183 5
0.62 -0.143751 5
0.63 -0.160936 5
0.64 -0.17872 5
0.65 -0.197086 5
0.66 -0.216014 5
0.67 -0.235484 5
0.68 -0.255476 5
0.69 -0.275965 5
0.7 -0.296929 5
0.71 -0.318343 5
0.72 -0.34018 5
0.73 -0.362415 5
0.74 -0.385018 5
0.75 -0.407962 5
0.76 -0.431215 5
0.77 -0.454748 5
0.78 -0.478527 5
0.79 -0.502522 5
0.8 -0.526696 5
0.81 -0.551017 5
0.82 -0.575449 5
0.83 -0.599955 5
0.84 -0.624498 5
0.85 -0.64904 5
0.86 -0.673542 5
0.87 -0.697966 5
0.88 -0.72227 5
0.89 -0.746414 5
0.9 -0.770356 5
0.91 -0.794053 5
0.92 -0.817464 5
0.93 -0.840543 5
0.94 -0.863247 5
0.95 -0.885531 5
0.96 -0.907349 5
0.97 -0.928655 5
0.98 -0.949404 5
0.99 -0.969547 5
1 -0.989037 5
1.01 -1.00783 5
1.02 -1.02587 5
1.03 -1.04311 5
1.04 -1.0595 5
1.05 -1.075 5
1.06 -1.08955 5
1.07 -1.1031 5
1.08 -1.1156 5
1.09 -1.12701 5
1.1 -1.13726 5
1.11 -1.14631 5
1.12 -1.1541 5
1.13 -1.16059 5
1.14 -1.16572 5
1.15 -1.16943 5
1.16 -1.17168 5
1.17 -1.17242 5
1.18 -1.17158 5
1.19 -1.16912 5
1.2 -1.16498 5
1.21 -1.15912 5
1.22 -1.15147 5
1.23 -1.14198 5
1.24 -1.13061 5
1.25 -1.11729 5
1.26 -1.10198 5
1.27 -1.08462 5
1.28 -1.06515 5
1.29 -1.04353 5
1.3 -1.0197 5
1.31 -0.993611 5
1.32 -0.965209 5
1.33 -0.93444 5
1.34 -0.901254 5
1.35 -0.865597 5
1.36 -0.82742 5
1.37 -0.786669 5
1.38 -0.743294 5
1.39 -0.697245 5
1.4 -0.64847 5
1.41 -0.59692 5
1.42 -0.542544 5
1.43 -0.485294 5
1.44 -0.425121 5
1.45 -0.361975 5
1.46 -0.295809 5
1.47 -0.226576 5
1.48 -0.154227 5
1.49 -0.0787174 5

0 0 6
0.01 0.00145218 6
0.02 0.00281835 6
0.03 0.00413237 6
0.04 0.00542389 6
0.05 0.00671854 6
0.06 0.00803807 6
0.07 0.00940057 6
0.08 0.0108206 6
0.09 0.0123094 6
0.1 0.0138749 6
0.11 0.0155224 6
0.12 0.0172539 6
0.13 0.0190691 6
0.14 0.0209648 6
0.15 0.0229357 6
0.16 0.0249743 6
0.17 0.0270707 6
0.18 0.0292135 6
0.19 0.0313893 6
0.2 0.0335829 6
0.21 0.0357778 6
0.22 0.0379561 6
0.23 0.0400986 6
0.24 0.0421851 6
0.25 0.0441942 6
0.26 0.0461037 6
0.27 0.0478909 6
0.28 0.049532 6
0.29 0.0510032 6
0.3 0.0522799 6
0.31 0.0533374 6
0.32 0.0541508 6
0.33 0.0546949 6
0.34 0.0549449 6
0.35 0.0548759 6
0.36 0.054463 6
0.37 0.0536821 6
0.38 0.052509 6
0.39 0.0509202 6
0.4 0.0488928 6
0.41 0.0464045 6
0.42 0.0434337 6
0.43 0.0399596 6
0.44 0.0359622 6
0.45 0.0314225 6
0.46 0.0263227 6
0.47 0.0206457 6
0.48 0.0143758 6
0.49 0.00749831 6
0.5 -1.58172e-16 6
0.51 -0.00813122 6
0.52 -0.016906 6
0.53 -0.0263338 6
0.54 -0.0364222 6
0.55 -0.0471779 6
0.56 -0.0586054 6
0.57 -0.0707082 6
0.58 -0.083488 6
0.59 -0.0969448 6
0.6 -0.111077 6
0.61 -0.125881 6
0.62 -0.141353 6
0.63 -0.157485 6
0.64 -0.174269 6
0.65 -0.191695 6
0.66 -0.20975 6
0.67 -0.228422 6
0.68 -0.247695 6
0.69 -0.267551 6
0.7 -0.287972 6
0.71 -0.308936 6
0.72 -0.33042 6
0.73 -0.352402 6
0.74 -0.374853 6
0.75 -0.397748 6
0.76 -0.421055 6
0.77 -0.444743 6
0.78 -0.468781 6
0.79 -0.493132 6
0.8 -0.517761 6
0.81 -0.542629 6
0.82 -0.567698 6
0.83 -0.592926 6
0.84 -0.618272 6
0.85 -0.64369 6
0.86 -0.669135 6
0.87 -0.694562 6
0.88 -0.719922 6
0.89 -0.745165 6
0.9 -0.770241 6
0.91 -0.7951 6
0.92 -0.819687 6
0.93 -0.843949 6
0.94 -0.867832 6
0.95 -0.89128 6
0.96 -0.914237 6
0.97 -0.936645 6
0.98 -0.958447 6
0.99 -0.979585 6
1 -1 6
1.01 -1.01963 6
1.02 -1.03842 6
1.03 -1.05631 6
1.04 -1.07324 6
1.05 -1.08915 6
1.06 -1.10397 6
1.07 -1.11765 6
1.08 -1.13014 6
1.09 -1.14136 6
1.1 -1.15127 6
1.11 -1.1598 6
1.12 -1.1669 6
1.13 -1.1725 6
1.14 -1.17657 6
1.15 -1.17903 6
1.16 -1.17985 6
1.17 -1.17896 6
1.18 -1.17631 6
1.19 -1.17187 6
1.2 -1.16557 6
1.21 -1.15738 6
1.22 -1.14725 6
1.23 -1.13515 6
1.24 -1.12103 6
1.25 -1.10485 6
1.26 -1.0866 6
1.27 -1.06622 6
1.28 -1.04371 6
1.29 -1.01903 6
1.3 -0.992157 6
1.31 -0.963082 6
1.32 -0.931787 6
1.33 -0.898264 6
1.34 -0.862506 6
1.35 -0.824511 6
1.36 -0.784282 6
1.37 -0.741826 6
1.38 -0.697155 6
1.39 -0.650286 6
1.4 -0.60124 6
1.41 -0.550046 6
1.42 -0.496735 6
1.43 -0.441347 6
1.44 -0.383926 6
1.45 -0.324522 6
1.46 -0.263194 6
1.47 -0.200003 6
1.48 -0.135021 6
1.49 -0.0683252 6

0 0 7
0.01 0.00109645 7
0.02 0.00216185 7
0.03 0.00322529 7
0.04 0.00431194 7
0.05 0.00544316 7
0.06 0.00663672 7
0.07 0.00790694 7
0.08 0.00926486 7
0.09 0.0107184 7
0.1 0.0122725 7
0.11 0.0139294 7
0.12 0.0156885 7
0.13 0.0175469 7
0.14 0.0194993 7
0.15 0.021538 7
0.16 0.0236536 7
0.17 0.0258345 7
0.18 0.0280673 7
0.19 0.0303373 7
0.2 0.0326279 7
0.21 0.0349214 7
0.22 0.0371985 7
0.23 0.0394392 7
0.24 0.0416222 7
0.25 0.0437254 7
0.26 0.045726 7
0.27 0.0476005 7
0.28 0.0493247 7
0.29 0.0508742 7
0.3 0.0522241 7
0.31 0.0533495 7
0.32 0.0542252 7
0.33 0.054826 7
0.34 0.0551268 7
0.35 0.0551026 7
0.36 0.0547287 7
0.37 0.053981 7
0.38 0.0528353 7
0.39 0.0512684 7
0.4 0.0492575 7
0.41 0.0467805 7
0.42 0.0438159 7
0.43 0.0403432 7
0.44 0.0363429 7
0.45 0.0317961 7
0.46 0.0266853 7
0.47 0.0209937 7
0.48 0.014706 7
0.49 0.00780792 7
0.5 0.000286433 7
0.51 -0.00787016 7
0.52 -0.0166722 7
0.53 -0.0261287 7
0.54 -0.0362471 7
0.55 -0.0470334 7
0.56 -0.0584922 7
0.57 -0.0706265 7
0.58 -0.0834376 7
0.59 -0.0969253 7
0.6 -0.111088 7
0.61 -0.125921 7
0.62 -0.141421 7
0.63 -0.157579 7
0.64 -0.174388 7
0.65 -0.191837 7
0.66 -0.209914 7
0.67 -0.228605 7
0.68 -0.247895 7
0.69 -0.267765 7
0.7 -0.288197 7
0.71 -0.30917 7
0.72 -0.330661 7
0.73 -0.352646 7
0.74 -0.375098 7
0.75 -0.39799 7
0.76 -0.421293 7
0.77 -0.444974 7
0.78 -0.469002 7
0.79 -0.49334 7
0.8 -0.517954 7
0.81 -0.542806 7
0.82 -0.567856 7
0.83 -0.593063 7
0.84 -0.618386 7
0.85 -0.643779 7
0.86 -0.669199 7
0.87 -0.694599 7
0.88 -0.719931 7
0.89 -0.745145 7
0.9 -0.770193 7
0.91 -0.795022 7
0.92 -0.81958 7
0.93 -0.843814 7
0.94 -0.867669 7
0.95 -0.89109 7
0.96 -0.914021 7
0.97 -0.936405 7
0.98 -0.958185 7
0.99 -0.979303 7
1 -0.9997 7
1.01 -1.01932 7
1.02 -1.0381 7
1.03 -1.05598 7
1.04 -1.0729 7
1.05 -1.0888 7
1.06 -1.10363 7
1.07 -1.11732 7
1.08 -1.12981 7
1.09 -1.14105 7
1.1 -1.15098 7
1.11 -1.15953 7
1.12 -1.16666 7
1.13 -1.1723 7
1.14 -1.1764 7
1.15 -1.17891 7
1.16 -1.17977 7
1.17 -1.17893 7
1.18 -1.17634 7
1.19 -1.17195 7
1.2 -1.16572 7
1.21 -1.1576 7
1.22 -1.14754 7
1.23 -1.13551 7
1.24 -1.12146 7
1.25 -1.10537 7
1.26 -1.08719 7
1.27 -1.0669 7
1.28 -1.04446 7
1.29 -1.01986 7
1.3 -0.993062 7
1.31 -0.96406 7
1.32 -0.932836 7
1.33 -0.899378 7
1.34 -0.863679 7
1.35 -0.825736 7
1.36 -0.78555 7
1.37 -0.743128 7
1.38 -0.698479 7
1.39 -0.651618 7
1.4 -0.602567 7
1.41 -0.55135 7
1.42 -0.497998 7
1.43 -0.442548 7
1.44 -0.385042 7
1.45 -0.325529 7
1.46 -0.264064 7
1.47 -0.200707 7
1.48 -0.135526 7
1.49 -0.0685966 7

0 0 8
0.01 -3.49439e-05 8
0.02 0.000168819 8
0.03 0.000602439 8
0.04 0.00125681 8
0.05 0.0021225 8
0.06 0.00318963 8
0.07 0.00444789 8
0.08 0.00588641 8
0.09 0.00749373 8
0.1 0.0092578 8
0.11 0.0111659 8
0.12 0.0132046 8
0.13 0.0153599 8
0.14 0.0176169 8
0.15 0.0199602 8
0.16 0.0223736 8
0.17 0.0248401 8
0.18 0.0273423 8
0.19 0.0298618 8
0.2 0.0323799 8
0.21 0.0348769 8
0.22 0.037333 8
0.23 0.0397274 8
0.24 0.0420391 8
0.25 0.0442465 8
0.26 0.0463276 8
0.27 0.0482603 8
0.28 0.0500218 8
0.29 0.0515894 8
0.3 0.0529399 8
0.31 0.0540503 8
0.32 0.0548972 8
0.33 0.0554575 8
0.34 0.0557081 8
0.35 0.0556258 8
0.36 0.0551879 8
0.37 0.0543717 8
0.38 0.0531551 8
0.39 0.0515163 8
0.4 0.0494339 8
0.41 0.0468871 8
0.42 0.0438556 8
0.43 0.04032 8
0.44 0.0362616 8
0.45 0.0316622 8
0.46 0.0265049 8
0.47 0.0207735 8
0.48 0.0144529 8
0.49 0.00752891 8
0.5 -1.13196e-05 8
0.51 -0.00817958 8
0.52 -0.0169864 8
0.53 -0.026441 8
0.54 -0.0365512 8
0.55 -0.0473236 8
0.56 -0.0587632 8
0.57 -0.0708735 8
0.58 -0.0836565 8
0.59 -0.0971127 8
0.6 -0.111241 8
0.61 -0.126038 8
0.62 -0.1415 8
0.63 -0.157621 8
0.64 -0.174392 8
0.65 -0.191803 8
0.66 -0.209845 8
0.67 -0.228502 8
0.68 -0.24776 8
0.69 -0.267602 8
0.7 -0.28801 8
0.71 -0.308962 8
0.72 -0.330438 8
0.73 -0.352411 8
0.74 -0.374857 8
0.75 -0.397748 8
0.76 -0.421053 8
0.77 -0.444743 8
0.78 -0.468783 8
0.79 -0.493139 8
0.8 -0.517775 8
0.81 -0.542652 8
0.82 -0.567731 8
0.83 -0.59297 8
0.84 -0.618327 8
0.85 -0.643757 8
0.86 -0.669215 8
0.87 -0.694653 8
0.88 -0.720023 8
0.89 -0.745275 8
0.9 -0.770359 8
0.91 -0.795221 8
0.92 -0.81981 8
0.93 -0.844071 8
0.94 -0.867949 8
0.95 -0.891388 8
0.96 -0.914331 8
0.97 -0.936722 8
0.98 -0.958502 8
0.99 -0.979613 8
1 -0.999996 8
1.01 -1.01959 8
1.02 -1.03834 8
1.03 -1.05619 8
1.04 -1.07307 8
1.05 -1.08892 8
1.06 -1.10369 8
1.07 -1.11732 8
1.08 -1.12975 8
1.09 -1.14092 8
1.1 -1.15078 8
1.11 -1.15926 8
1.12 -1.16631 8
1.13 -1.17188 8
1.14 -1.17591 8
1.15 -1.17836 8
1.16 -1.17916 8
1.17 -1.17827 8
1.18 -1.17564 8
1.19 -1.17123 8
1.2 -1.16499 8
1.21 -1.15687 8
1.22 -1.14683 8
1.23 -1.13484 8
1.24 -1.12086 8
1.25 -1.10485 8
1.26 -1.08679 8
1.27 -1.06663 8
1.28 -1.04435 8
1.29 -1.01994 8
1.3 -0.993356 8
1.31 -0.964591 8
1.32 -0.933625 8
1.33 -0.900446 8
1.34 -0.865042 8
1.35 -0.827405 8
1.36 -0.787533 8
1.37 -0.745423 8
1.38 -0.701077 8
1.39 -0.654502 8
1.4 -0.605706 8
1.41 -0.554701 8
1.42 -0.501504 8
1.43 -0.446132 8
1.44 -0.38861 8
1.45 -0.328962 8
1.46 -0.267219 8
1.47 -0.203413 8
1.48 -0.137581 8
1.49 -0.0697619 8

0 0 9
0.01 4.3445e-05 9
0.02 0.000304431 9
0.03 0.00077758 9
0.04 0.00145685 9
0.05 0.0023355 9
0.06 0.00340601 9
0.07 0.0046601 9
0.08 0.00608867 9
0.09 0.00768179 9
0.1 0.00942867 9
0.11 0.0113177 9
0.12 0.0133363 9
0.13 0.0154713 9
0.14 0.0177084 9
0.15 0.0200325 9
0.16 0.0224279 9
0.17 0.0248779 9
0.18 0.0273652 9
0.19 0.0298716 9
0.2 0.0323783 9
0.21 0.0348658 9
0.22 0.037314 9
0.23 0.0397022 9
0.24 0.0420093 9
0.25 0.0442136 9
0.26 0.046293 9
0.27 0.0482251 9
0.28 0.0499871 9
0.29 0.0515559 9
0.3 0.0529085 9
0.31 0.0540215 9
0.32 0.0548716 9
0.33 0.0554353 9
0.34 0.0556894 9
0.35 0.0556109 9
0.36 0.0551766 9
0.37 0.0543641 9
0.38 0.0531509 9
0.39 0.0515153 9
0.4 0.0494358 9
0.41 0.0468915 9
0.42 0.0438623 9
0.43 0.0403286 9
0.44 0.0362716 9
0.45 0.0316733 9
0.46 0.0265167 9
0.47 0.0207857 9
0.48 0.0144651 9
0.49 0.0075408 9
0.5 -1.59066e-16 9
0.51 -0.00816908 9
0.52 -0.0169769 9
0.53 -0.0264327 9
0.54 -0.0365443 9
0.55 -0.0473182 9
0.56 -0.0587592 9
0.57 -0.070871 9
0.58 -0.0836555 9
0.59 -0.0971132 9
0.6 -0.111243 9
0.61 -0.126041 9
0.62 -0.141504 9
0.63 -0.157626 9
0.64 -0.174398 9
0.65 -0.19181 9
0.66 -0.209851 9
0.67 -0.228509 9
0.68 -0.247767 9
0.69 -0.267609 9
0.7 -0.288017 9
0.71 -0.308969 9
0.72 -0.330443 9
0.73 -0.352416 9
0.74 -0.374861 9
0.75 -0.397751 9
0.76 -0.421055 9
0.77 -0.444744 9
0.78 -0.468783 9
0.79 -0.493138 9
0.8 -0.517773 9
0.81 -0.542649 9
0.82 -0.567727 9
0.83 -0.592965 9
0.84 -0.618322 9
0.85 -0.643751 9
0.86 -0.669208 9
0.87 -0.694646 9
0.88 -0.720016 9
0.89 -0.745268 9
0.9 -0.770352 9
0.91 -0.795215 9
0.92 -0.819805 9
0.93 -0.844067 9
0.94 -0.867945 9
0.95 -0.891385 9
0.96 -0.91433 9
0.97 -0.936722 9
0.98 -0.958503 9
0.99 -0.979615 9
1 -1 9
1.01 -1.0196 9
1.02 -1.03835 9
1.03 -1.05619 9
1.04 -1.07308 9
1.05 -1.08893 9
1.06 -1.1037 9
1.07 -1.11733 9
1.08 -1.12976 9
1.09 -1.14093 9
1.1 -1.15079 9
1.11 -1.15927 9
1.12 -1.16632 9
1.13 -1.17189 9
1.14 -1.17592 9
1.15 -1.17836 9
1.16 -1.17916 9
1.17 -1.17827 9
1.18 -1.17564 9
1.19 -1.17122 9
1.2 -1.16498 9
1.21 -1.15685 9
1.22 -1.14682 9
1.23 -1.13483 9
1.24 -1.12084 9
1.25 -1.10483 9
1.26 -1.08676 9
1.27 -1.06661 9
1.28 -1.04433 9
1.29 -1.01992 9
1.3 -0.993337 9
1.31 -0.964575 9
1.32 -0.933614 9
1.33 -0.900441 9
1.34 -0.865043 9
1.35 -0.827415 9
1.36 -0.787552 9
1.37 -0.745451 9
1.38 -0.701117 9
1.39 -0.654553 9
1.4 -0.605768 9
1.41 -0.554774 9
1.42 -0.501587 9
1.43 -0.446223 9
1.44 -0.388706 9
1.45 -0.32906 9
1.46 -0.267314 9
1.47 -0.203498 9
1.48 -0.137648 9
1.49 -0.0698019 9

0 0 10
0.01 0.000106695 10
0.02 0.000410135 10
0.03 0.000909163 10
0.04 0.00160133 10
0.05 0.00248293 10
0.06 0.00354899 10
0.07 0.00479336 10
0.08 0.00620866 10
0.09 0.00778637 10
0.1 0.00951685 10
0.11 0.0113893 10
0.12 0.013392 10
0.13 0.015512 10
0.14 0.0177355 10
0.15 0.0200476 10
0.16 0.0224328 10
0.17 0.0248743 10
0.18 0.0273547 10
0.19 0.0298559 10
0.2 0.0323589 10
0.21 0.0348441 10
0.22 0.0372912 10
0.23 0.0396794 10
0.24 0.0419873 10
0.25 0.0441931 10
0.26 0.0462746 10
0.27 0.0482091 10
0.28 0.0499737 10
0.29 0.0515453 10
0.3 0.0529007 10
0.31 0.0540164 10
0.32 0.0548689 10
0.33 0.055435 10
0.34 0.0556911 10
0.35 0.0556143 10
0.36 0.0551814 10
0.37 0.05437 10
0.38 0.0531576 10
0.39 0.0515224 10
0.4 0.049443 10
0.41 0.0468986 10
0.42 0.0438691 10
0.43 0.0403348 10
0.44 0.0362771 10
0.45 0.031678 10
0.46 0.0265205 10
0.47 0.0207884 10
0.48 0.0144668 10
0.49 0.00754157 10
0.5 -1.71175e-07 10
0.51 -0.00817012 10
0.52 -0.0169787 10
0.53 -0.0264352 10
0.54 -0.0365473 10
0.55 -0.0473216 10
0.56 -0.0587629 10
0.57 -0.0708748 10
0.58 -0.0836593 10
0.59 -0.0971168 10
0.6 -0.111246 10
0.61 -0.126044 10
0.62 -0.141507 10
0.63 -0.157628 10
0.64 -0.174399 10
0.65 -0.191811 10
0.66 -0.209852 10
0.67 -0.228509 10
0.68 -0.247766 10
0.69 -0.267608 10
0.7 -0.288015 10
0.71 -0.308966 10
0.72 -0.330441 10
0.73 -0.352413 10
0.74 -0.374858 10
0.75 -0.397748 10
0.76 -0.421052 10
0.77 -0.444741 10
0.78 -0.46878 10
0.79 -0.493136 10
0.8 -0.517771 10
0.81 -0.542648 10
0.82 -0.567726 10
0.83 -0.592965 10
0.84 -0.618322 10
0.85 -0.643752 10
0.86 -0.66921 10
0.87 -0.694649 10
0.88 -0.720019 10
0.89 -0.745272 10
0.9 -0.770356 10
0.91 -0.795219 10
0.92 -0.819809 10
0.93 -0.84407 10
0.94 -0.867949 10
0.95 -0.891389 10
0.96 -0.914333 10
0.97 -0.936724 10
0.98 -0.958505 10
0.99 -0.979616 10
1 -1 10
1.01 -1.0196 10
1.02 -1.03835 10
1.03 -1.05619 10
1.04 -1.07307 10
1.05 -1.08893 10
1.06 -1.1037 10
1.07 -1.11733 10
1.08 -1.12976 10
1.09 -1.14093 10
1.1 -1.15078 10
1.11 -1.15926 10
1.12 -1.16631 10
1.13 -1.17188 10
1.14 -1.17591 10
1.15 -1.17836 10
1.16 -1.17916 10
1.17 -1.17827 10
1.18 -1.17564 10
1.19 -1.17123 10
1.2 -1.16498 10
1.21 -1.15687 10
1.22 -1.14683 10
1.23 -1.13484 10
1.24 -1.12086 10
1.25 -1.10485 10
1.26 -1.08679 10
1.27 -1.06663 10
1.28 -1.04435 10
1.29 -1.01994 10
1.3 -0.993357 10
1.31 -0.964591 10
1.32 -0.933624 10
1.33 -0.900443 10
1.34 -0.865037 10
1.35 -0.827398 10
1.36 -0.787522 10
1.37 -0.745407 10
1.38 -0.701057 10
1.39 -0.654477 10
1.4 -0.605675 10
1.41 -0.554664 10
1.42 -0.50146 10
1.43 -0.446083 10
1.44 -0.388556 10
1.45 -0.328906 10
1.46 -0.267163 10
1.47 -0.203361 10
1.48 -0.137538 10
1.49 -0.0697361 10

0 0 11
0.01 0.000101897 11
0.02 0.000402294 11
0.03 0.000899631 11
0.04 0.00159113 11
0.05 0.00247279 11
0.06 0.00353944 11
0.07 0.00478474 11
0.08 0.00620117 11
0.09 0.00778011 11
0.1 0.00951182 11
0.11 0.0113855 11
0.12 0.0133892 11
0.13 0.0155102 11
0.14 0.0177345 11
0.15 0.0200474 11
0.16 0.0224331 11
0.17 0.024875 11
0.18 0.0273558 11
0.19 0.0298571 11
0.2 0.0323602 11
0.21 0.0348454 11
0.22 0.0372925 11
0.23 0.0396806 11
0.24 0.0419884 11
0.25 0.044194 11
0.26 0.0462753 11
0.27 0.0482096 11
0.28 0.0499741 11
0.29 0.0515456 11
0.3 0.0529008 11
0.31 0.0540163 11
0.32 0.0548688 11
0.33 0.0554347 11
0.34 0.0556908 11
0.35 0.0556139 11
0.36 0.0551811 11
0.37 0.0543696 11
0.38 0.0531572 11
0.39 0.0515221 11
0.4 0.0494427 11
0.41 0.0468984 11
0.42 0.0438689 11
0.43 0.0403347 11
0.44 0.036277 11
0.45 0.0316779 11
0.46 0.0265205 11
0.47 0.0207885 11
0.48 0.0144669 11
0.49 0.00754168 11
0.5 -3.70096e-08 11
0.51 -0.00816997 11
0.52 -0.0169786 11
0.53 -0.026435 11
0.54 -0.0365472 11
0.55 -0.0473214 11
0.56 -0.0587628 11
0.57 -0.0708747 11
0.58 -0.0836593 11
0.59 -0.0971168 11
0.6 -0.111246 11
0.61 -0.126044 11
0.62 -0.141507 11
0.63 -0.157628 11
0.64 -0.174399 11
0.65 -0.191811 11
0.66 -0.209852 11
0.67 -0.228509 11
0.68 -0.247766 11
0.69 -0.267608 11
0.7 -0.288015 11
0.71 -0.308966 11
0.72 -0.330441 11
0.73 -0.352413 11
0.74 -0.374858 11
0.75 -0.397748 11
0.76 -0.421052 11
0.77 -0.444741 11
0.78 -0.46878 11
0.79 -0.493136 11
0.8 -0.517771 11
0.81 -0.542648 11
0.82 -0.567726 11
0.83 -0.592965 11
0.84 -0.618322 11
0.85 -0.643752 11
0.86 -0.66921 11
0.87 -0.694648 11
0.88 -0.720019 11
0.89 -0.745272 11
0.9 -0.770356 11
0.91 -0.795219 11
0.92 -0.819809 11
0.93 -0.84407 11
0.94 -0.867949 11
0.95 -0.891389 11
0.96 -0.914333 11
0.97 -0.936724 11
0.98 -0.958505 11
0.99 -0.979616 11
1 -1 11
1.01 -1.0196 11
1.02 -1.03835 11
1.03 -1.05619 11
1.04 -1.07307 11
1.05 -1.08893 11
1.06 -1.1037 11
1.07 -1.11733 11
1.08 -1.12976 11
1.09 -1.14092 11
1.1 -1.15078 11
1.11 -1.15926 11
1.12 -1.16631 11
1.13 -1.17188 11
1.14 -1.17591 11
1.15 -1.17836 11
1.16 -1.17916 11
1.17 -1.17827 11
1.18 -1.17564 11
1.19 -1.17123 11
1.2 -1.16498 11
1.21 -1.15687 11
1.22 -1.14683 11
1.23 -1.13484 11
1.24 -1.12086 11
1.25 -1.10485 11
1.26 -1.08679 11
1.27 -1.06663 11
1.28 -1.04436 11
1.29 -1.01994 11
1.3 -0.993358 11
1.31 -0.964592 11
1.32 -0.933625 11
1.33 -0.900444 11
1.34 -0.865037 11
1.35 -0.827398 11
1.36 -0.787521 11
1.37 -0.745407 11
1.38 -0.701056 11
1.39 -0.654475 11
1.4 -0.605672 11
1.41 -0.55466 11
1.42 -0.501456 11
1.43 -0.446078 11
1.44 -0.38855 11
1.45 -0.328899 11
1.46 -0.267156 11
1.47 -0.203354 11
1.48 -0.137533 11
1.49 -0.0697327 11

0 0 12
0.01 9.9745e-05 12
0.02 0.000398896 12
0.03 0.00089565 12
0.04 0.00158703 12
0.05 0.0024689 12
0.06 0.00353596 12
0.07 0.00478177 12
0.08 0.00619876 12
0.09 0.00777826 12
0.1 0.00951049 12
0.11 0.0113846 12
0.12 0.0133888 12
0.13 0.0155101 12
0.14 0.0177346 12
0.15 0.0200477 12
0.16 0.0224335 12
0.17 0.0248755 12
0.18 0.0273563 12
0.19 0.0298576 12
0.2 0.0323607 12
0.21 0.0348459 12
0.22 0.0372929 12
0.23 0.0396809 12
0.24 0.0419886 12
0.25 0.0441942 12
0.26 0.0462754 12
0.27 0.0482096 12
0.28 0.049974 12
0.29 0.0515455 12
0.3 0.0529007 12
0.31 0.0540162 12
0.32 0.0548687 12
0.33 0.0554346 12
0.34 0.0556907 12
0.35 0.0556138 12
0.36 0.055181 12
0.37 0.0543695 12
0.38 0.0531572 12
0.39 0.051522 12
0.4 0.0494427 12
0.41 0.0468984 12
0.42 0.0438689 12
0.43 0.0403347 12
0.44 0.036277 12
0.45 0.031678 12
0.46 0.0265205 12
0.47 0.0207885 12
0.48 0.0144669 12
0.49 0.00754172 12
0.5 -1.59085e-16 12
0.51 -0.00816994 12
0.52 -0.0169786 12
0.53 -0.026435 12
0.54 -0.0365472 12
0.55 -0.0473214 12
0.56 -0.0587628 12
0.57 -0.0708747 12
0.58 -0.0836593 12
0.59 -0.0971168 12
0.6 -0.111246 12
0.61 -0.126044 12
0.62 -0.141507 12
0.63 -0.157628 12
0.64 -0.174399 12
0.65 -0.191811 12
0.66 -0.209852 12
0.67 -0.228509 12
0.68 -0.247766 12
0.69 -0.267608 12
0.7 -0.288015 12
0.71 -0.308966 12
0.72 -0.330441 12
0.73 -0.352413 12
0.74 -0.374858 12
0.75 -0.397748 12
0.76 -0.421052 12
0.77 -0.444741 12
0.78 -0.46878 12
0.79 -0.493136 12
0.8 -0.517771 12
0.81 -0.542648 12
0.82 -0.567726 12
0.83 -0.592965 12
0.84 -0.618322 12
0.85 -0.643752 12
0.86 -0.66921 12
0.87 -0.694648 12
0.88 -0.720019 12
0.89 -0.745272 12
0.9 -0.770356 12
0.91 -0.795219 12
0.92 -0.819809 12
0.93 -0.84407 12
0.94 -0.867949 12
0.95 -0.891389 12
0.96 -0.914333 12
0.97 -0.936724 12
0.98 -0.958505 12
0.99 -0.979616 12
1 -1 12
1.01 -1.0196 12
1.02 -1.03835 12
1.03 -1.05619 12
1.04 -1.07307 12
1.05 -1.08893 12
1.06 -1.1037 12
1.07 -1.11733 12
1.08 -1.12976 12
1.09 -1.14092 12
1.1 -1.15078 12
1.11 -1.15926 12
1.12 -1.16631 12
1.13 -1.17188 12
1.14 -1.17591 12
1.15 -1.17836 12
1.16 -1.17916 12
1.17 -1.17827 12
1.18 -1.17564 12
1.19 -1.17123 12
1.2 -1.16498 12
1.21 -1.15687 12
1.22 -1.14683 12
1.23 -1.13484 12
1.24 -1.12086 12
1.25 -1.10485 12
1.26 -1.08679 12
1.27 -1.06663 12
1.28 -1.04436 12
1.29 -1.01994 12
1.3 -0.993357 12
1.31 -0.964591 12
1.32 -0.933625 12
1.33 -0.900443 12
1.34 -0.865037 12
1.35 -0.827398 12
1.36 -0.787521 12
1.37 -0.745407 12
1.38 -0.701056 12
1.39 -0.654476 12
1.4 -0.605673 12
1.41 -0.554662 12
1.42 -0.501458 12
1.43 -0.446081 12
1.44 -0.388554 12
1.45 -0.328903 12
1.46 -0.26716 12
1.47 -0.203359 12
1.48 -0.137536 12
1.49 -0.069735 12

0 0 13
0.01 9.99057e-05 13
0.02 0.000399144 13
0.03 0.000895932 13
0.04 0.00158731 13
0.05 0.00246916 13
0.06 0.00353618 13
0.07 0.00478195 13
0.08 0.0061989 13
0.09 0.00777836 13
0.1 0.00951056 13
0.11 0.0113847 13
0.12 0.0133888 13
0.13 0.0155101 13
0.14 0.0177346 13
0.15 0.0200477 13
0.16 0.0224335 13
0.17 0.0248755 13
0.18 0.0273562 13
0.19 0.0298576 13
0.2 0.0323607 13
0.21 0.0348458 13
0.22 0.0372928 13
0.23 0.0396809 13
0.24 0.0419886 13
0.25 0.0441942 13
0.26 0.0462754 13
0.27 0.0482096 13
0.28 0.049974 13
0.29 0.0515455 13
0.3 0.0529007 13
0.31 0.0540162 13
0.32 0.0548687 13
0.33 0.0554346 13
0.34 0.0556907 13
0.35 0.0556138 13
0.36 0.055181 13
0.37 0.0543695 13
0.38 0.0531572 13
0.39 0.051522 13
0.4 0.0494427 13
0.41 0.0468984 13
0.42 0.0438689 13
0.43 0.0403347 13
0.44 0.036277 13
0.45 0.031678 13
0.46 0.0265205 13
0.47 0.0207885 13
0.48 0.0144669 13
0.49 0.00754172 13
0.5 -2.2954e-10 13
0.51 -0.00816994 13
0.52 -0.0169786 13
0.53 -0.026435 13
0.54 -0.0365472 13
0.55 -0.0473214 13
0.56 -0.0587628 13
0.57 -0.0708747 13
0.58 -0.0836593 13
0.59 -0.0971168 13
0.6 -0.111246 13
0.61 -0.126044 13
0.62 -0.141507 13
0.63 -0.157628 13
0.64 -0.174399 13
0.65 -0.191811 13
0.66 -0.209852 13
0.67 -0.228509 13
0.68 -0.247766 13
0.69 -0.267608 13
0.7 -0.288015 13
0.71 -0.308966 13
0.72 -0.330441 13
0.73 -0.352413 13
0.74 -0.374858 13
0.75 -0.397748 13
0.76 -0.421052 13
0.77 -0.444741 13
0.78 -0.46878 13
0.79 -0.493136 13
0.8 -0.517771 13
0.81 -0.542648 13
0.82 -0.567726 13
0.83 -0.592965 13
0.84 -0.618322 13
0.85 -0.643752 13
0.86 -0.66921 13
0.87 -0.694648 13
0.88 -0.720019 13
0.89 -0.745272 13
0.9 -0.770356 13
0.91 -0.795219 13
0.92 -0.819809 13
0.93 -0.84407 13
0.94 -0.867949 13
0.95 -0.891389 13
0.96 -0.914333 13
0.97 -0.936724 13
0.98 -0.958505 13
0.99 -0.979616 13
1 -1 13
1.01 -1.0196 13
1.02 -1.03835 13
1.03 -1.05619 13
1.04 -1.07307 13
1.05 -1.08893 13
1.06 -1.1037 13
1.07 -1.11733 13
1.08 -1.12976 13
1.09 -1.14092 13
1.1 -1.15078 13
1.11 -1.15926 13
1.12 -1.16631 13
1.13 -1.17188 13
1.14 -1.17591 13
1.15 -1.17836 13
1.16 -1.17916 13
1.17 -1.17827 13
1.18 -1.17564 13
1.19 -1.17123 13
1.2 -1.16498 13
1.21 -1.15687 13
1.22 -1.14683 13
1.23 -1.13484 13
1.24 -1.12086 13
1.25 -1.10485 13
1.26 -1.08679 13
1.27 -1.06663 13
1.28 -1.04436 13
1.29 -1.01994 13
1.3 -0.993357 13
1.31 -0.964591 13
1.32 -0.933625 13
1.33 -0.900443 13
1.34 -0.865037 13
1.35 -0.827398 13
1.36 -0.787521 13
1.37 -0.745407 13
1.38 -0.701056 13
1.39 -0.654476 13
1.4 -0.605673 13
1.41 -0.554662 13
1.42 -0.501458 13
1.43 -0.446081 13
1.44 -0.388554 13
1.45 -0.328904 13
1.46 -0.26716 13
1.47 -0.203359 13
1.48 -0.137536 13
1.49 -0.0697351 13

0 0 14
0.01 9.99549e-05 14
0.02 0.000399217 14
0.03 0.000896012 14
0.04 0.00158739 14
0.05 0.00246923 14
0.06 0.00353624 14
0.07 0.00478199 14
0.08 0.00619893 14
0.09 0.00777838 14
0.1 0.00951057 14
0.11 0.0113847 14
0.12 0.0133888 14
0.13 0.0155101 14
0.14 0.0177346 14
0.15 0.0200476 14
0.16 0.0224335 14
0.17 0.0248754 14
0.18 0.0273562 14
0.19 0.0298576 14
0.2 0.0323607 14
0.21 0.0348458 14
0.22 0.0372928 14
0.23 0.0396809 14
0.24 0.0419886 14
0.25 0.0441942 14
0.26 0.0462754 14
0.27 0.0482096 14
0.28 0.049974 14
0.29 0.0515455 14
0.3 0.0529007 14
0.31 0.0540162 14
0.32 0.0548687 14
0.33 0.0554346 14
0.34 0.0556907 14
0.35 0.0556138 14
0.36 0.055181 14
0.37 0.0543695 14
0.38 0.0531572 14
0.39 0.051522 14
0.4 0.0494427 14
0.41 0.0468984 14
0.42 0.0438689 14
0.43 0.0403347 14
0.44 0.036277 14
0.45 0.031678 14
0.46 0.0265205 14
0.47 0.0207885 14
0.48 0.0144669 14
0.49 0.00754172 14
0.5 8.86721e-12 14
0.51 -0.00816994 14
0.52 -0.0169786 14
0.53 -0.026435 14
0.54 -0.0365472 14
0.55 -0.0473214 14
0.56 -0.0587628 14
0.57 -0.0708747 14
0.58 -0.0836593 14
0.59 -0.0971168 14
0.6 -0.111246 14
0.61 -0.126044 14
0.62 -0.141507 14
0.63 -0.157628 14
0.64 -0.174399 14
0.65 -0.191811 14
0.66 -0.209852 14
0.67 -0.228509 14
0.68 -0.247766 14
0.69 -0.267608 14
0.7 -0.288015 14
0.71 -0.308966 14
0.72 -0.330441 14
0.73 -0.352413 14
0.74 -0.374858 14
0.75 -0.397748 14
0.76 -0.421052 14
0.77 -0.444741 14
0.78 -0.46878 14
0.79 -0.493136 14
0.8 -0.517771 14
0.81 -0.542648 14
0.82 -0.567726 14
0.83 -0.592965 14
0.84 -0.618322 14
0.85 -0.643752 14
0.86 -0.66921 14
0.87 -0.694648 14
0.88 -0.720019 14
0.89 -0.745272 14
0.9 -0.770356 14
0.91 -0.795219 14
0.92 -0.819809 14
0.93 -0.84407 14
0.94 -0.867949 14
0.95 -0.891389 14
0.96 -0.914333 14
0.97 -0.936724 14
0.98 -0.958505 14
0.99 -0.979616 14
1 -1 14
1.01 -1.0196 14
1.02 -1.03835 14
1.03 -1.05619 14
1.04 -1.07307 14
1.05 -1.08893 14
1.06 -1.1037 14
1.07 -1.11733 14
1.08 -1.12976 14
1.09 -1.14092 14
1.1 -1.15078 14
1.11 -1.15926 14
1.12 -1.16631 14
1.13 -1.17188 14
1.14 -1.17591 14
1.15 -1.17836 14
1.16 -1.17916 14
1.17 -1.17827 14
1.18 -1.17564 14
1.19 -1.17123 14
1.2 -1.16498 14
1.21 -1.15687 14
1.22 -1.14683 14
1.23 -1.13484 14
1.24 -1.12086 14
1.25 -1.10485 14
1.26 -1.08679 14
1.27 -1.06663 14
1.28 -1.04436 14
1.29 -1.01994 14
1.3 -0.993357 14
1.31 -0.964591 14
1.32 -0.933625 14
1.33 -0.900443 14
1.34 -0.865037 14
1.35 -0.827398 14
1.36 -0.787521 14
1.37 -0.745407 14
1.38 -0.701056 14
1.39 -0.654476 14
1.4 -0.605673 14
1.41 -0.554662 14
1.42 -0.501458 14
1.43 -0.446081 14
1.44 -0.388554 14
1.45 -0.328903 14
1.46 -0.26716 14
1.47 -0.203359 14
1.48 -0.137536 14
1.49 -0.069735 14

0 0 15
0.01 9.99514e-05 15
0.02 0.000399212 15
0.03 0.000896007 15
0.04 0.00158738 15
0.05 0.00246922 15
0.06 0.00353623 15
0.07 0.00478199 15
0.08 0.00619893 15
0.09 0.00777838 15
0.1 0.00951057 15
0.11 0.0113847 15
0.12 0.0133888 15
0.13 0.0155101 15
0.14 0.0177346 15
0.15 0.0200476 15
0.16 0.0224335 15
0.17 0.0248754 15
0.18 0.0273562 15
0.19 0.0298576 15
0.2 0.0323607 15
0.21 0.0348458 15
0.22 0.0372928 15
0.23 0.0396809 15
0.24 0.0419886 15
0.25 0.0441942 15
0.26 0.0462754 15
0.27 0.0482096 15
0.28 0.049974 15
0.29 0.0515455 15
0.3 0.0529007 15
0.31 0.0540162 15
0.32 0.0548687 15
0.33 0.0554346 15
0.34 0.0556907 15
0.35 0.0556138 15
0.36 0.055181 15
0.37 0.0543695 15
0.38 0.0531572 15
0.39 0.051522 15
0.4 0.0494427 15
0.41 0.0468984 15
0.42 0.0438689 15
0.43 0.0403347 15
0.44 0.036277 15
0.45 0.031678 15
0.46 0.0265205 15
0.47 0.0207885 15
0.48 0.0144669 15
0.49 0.00754172 15
0.5 -1.59085e-16 15
0.51 -0.00816994 15
0.52 -0.0169786 15
0.53 -0.026435 15
0.54 -0.0365472 15
0.55 -0.0473214 15
0.56 -0.0587628 15
0.57 -0.0708747 15
0.58 -0.0836593 15
0.59 -0.0971168 15
0.6 -0.111246 15
0.61 -0.126044 15
0.62 -0.141507 15
0.63 -0.157628 15
0.64 -0.174399 15
0.65 -0.191811 15
0.66 -0.209852 15
0.67 -0.228509 15
0.68 -0.247766 15
0.69 -0.267608 15
0.7 -0.288015 15
0.71 -0.308966 15
0.72 -0.330441 15
0.73 -0.352413 15
0.74 -0.374858 15
0.75 -0.397748 15
0.76 -0.421052 15
0.77 -0.444741 15
0.78 -0.46878 15
0.79 -0.493136 15
0.8 -0.517771 15
0.81 -0.542648 15
0.82 -0.567726 15
0.83 -0.592965 15
0.84 -0.618322 15
0.85 -0.643752 15
0.86 -0.66921 15
0.87 -0.694648 15
0.88 -0.720019 15
0.89 -0.745272 15
0.9 -0.770356 15
0.91 -0.795219 15
0.92 -0.819809 15
0.93 -0.84407 15
0.94 -0.867949 15
0.95 -0.891389 15
0.96 -0.914333 15
0.97 -0.936724 15
0.98 -0.958505 15
0.99 -0.979616 15
1 -1 15
1.01 -1.0196 15
1.02 -1.03835 15
1.03 -1.05619 15
1.04 -1.07307 15
1.05 -1.08893 15
1.06 -1.1037 15
1.07 -1.11733 15
1.08 -1.12976 15
1.09 -1.14092 15
1.1 -1.15078 15
1.11 -1.15926 15
1.12 -1.16631 15
1.13 -1.17188 15
1.14 -1.17591 15
1.15 -1.17836 15
1.16 -1.17916 15
1.17 -1.17827 15
1.18 -1.17564 15
1.19 -1.17123 15
1.2 -1.16498 15
1.21 -1.15687 15
1.22 -1.14683 15
1.23 -1.13484 15
1.24 -1.12086 15
1.25 -1.10485 15
1.26 -1.08679 15
1.27 -1.06663 15
1.28 -1.04436 15
1.29 -1.01994 15
1.3 -0.993357 15
1.31 -0.964591 15
1.32 -0.933625 15
1.33 -0.900443 15
1.34 -0.865037 15
1.35 -0.827398 15
1.36 -0.787521 15
1.37 -0.745407 15
1.38 -0.701056 15
1.39 -0.654476 15
1.4 -0.605673 15
1.41 -0.554662 15
1.42 -0.501458 15
1.43 -0.446081 15
1.44 -0.388554 15
1.45 -0.328903 15
1.46 -0.26716 15
1.47 -0.203359 15
1.48 -0.137536 15
1.49 -0.069735 15

