0 0 1
0.01 -0.01 1
0.02 -0.02 1
0.03 -0.03 1
0.04 -0.04 1
0.05 -0.05 1
0.06 -0.06 1
0.07 -0.07 1
0.08 -0.08 1
0.09 -0.09 1
0.1 -0.1 1
0.11 -0.11 1
0.12 -0.12 1
0.13 -0.13 1
0.14 -0.14 1
0.15 -0.15 1
0.16 -0.16 1
0.17 -0.17 1
0.18 -0.18 1
0.19 -0.19 1
0.2 -0.2 1
0.21 -0.21 1
0.22 -0.22 1
0.23 -0.23 1
0.24 -0.24 1
0.25 -0.25 1
0.26 -0.26 1
0.27 -0.27 1
0.28 -0.28 1
0.29 -0.29 1
0.3 -0.3 1
0.31 -0.31 1
0.32 -0.32 1
0.33 -0.33 1
0.34 -0.34 1
0.35 -0.35 1
0.36 -0.36 1
0.37 -0.37 1
0.38 -0.38 1
0.39 -0.39 1
0.4 -0.4 1
0.41 -0.41 1
0.42 -0.42 1
0.43 -0.43 1
0.44 -0.44 1
0.45 -0.45 1
0.46 -0.46 1
0.47 -0.47 1
0.48 -0.48 1
0.49 -0.49 1
0.5 -0.5 1
0.51 -0.51 1
0.52 -0.52 1
0.53 -0.53 1
0.54 -0.54 1
0.55 -0.55 1
0.56 -0.56 1
0.57 -0.57 1
0.58 -0.58 1
0.59 -0.59 1
0.6 -0.6 1
0.61 -0.61 1
0.62 -0.62 1
0.63 -0.63 1
0.64 -0.64 1
0.65 -0.65 1
0.66 -0.66 1
0.67 -0.67 1
0.68 -0.68 1
0.69 -0.69 1
0.7 -0.7 1
0.71 -0.71 1
0.72 -0.72 1
0.73 -0.73 1
0.74 -0.74 1
0.75 -0.75 1
0.76 -0.76 1
0.77 -0.77 1
0.78 -0.78 1
0.79 -0.79 1
0.8 -0.8 1
0.81 -0.81 1
0.82 -0.82 1
0.83 -0.83 1
0.84 -0.84 1
0.85 -0.85 1
0.86 -0.86 1
0.87 -0.87 1
0.88 -0.88 1
0.89 -0.89 1
0.9 -0.9 1
0.91 -0.91 1
0.92 -0.92 1
0.93 -0.93 1
0.94 -0.94 1
0.95 -0.95 1
0.96 -0.96 1
0.97 -0.97 1
0.98 -0.98 1
0.99 -0.99 1

0 0 2
0.01 0.0098 2
0.02 0.0192 2
0.03 0.0282 2
0.04 0.0368 2
0.05 0.045 2
0.06 0.0528 2
0.07 0.0602 2
0.08 0.0672 2
0.09 0.0738 2
0.1 0.08 2
0.11 0.0858 2
0.12 0.0912 2
0.13 0.0962 2
0.14 0.1008 2
0.15 0.105 2
0.16 0.1088 2
0.17 0.1122 2
0.18 0.1152 2
0.19 0.1178 2
0.2 0.12 2
0.21 0.1218 2
0.22 0.1232 2
0.23 0.1242 2
0.24 0.1248 2
0.25 0.125 2
0.26 0.1248 2
0.27 0.1242 2
0.28 0.1232 2
0.29 0.1218 2
0.3 0.12 2
0.31 0.1178 2
0.32 0.1152 2
0.33 0.1122 2
0.34 0.1088 2
0.35 0.105 2
0.36 0.1008 2
0.37 0.0962 2
0.38 0.0912 2
0.39 0.0858 2
0.4 0.08 2
0.41 0.0738 2
0.42 0.0672 2
0.43 0.0602 2
0.44 0.0528 2
0.45 0.045 2
0.46 0.0368 2
0.47 0.0282 2
0.48 0.0192 2
0.49 0.0098 2
0.5 -2.06737e-16 2
0.51 -0.0102 2
0.52 -0.0208 2
0.53 -0.0318 2
0.54 -0.0432 2
0.55 -0.055 2
0.56 -0.0672 2
0.57 -0.0798 2
0.58 -0.0928 2
0.59 -0.1062 2
0.6 -0.12 2
0.61 -0.1342 2
0.62 -0.1488 2
0.63 -0.1638 2
0.64 -0.1792 2
0.65 -0.195 2
0.66 -0.2112 2
0.67 -0.2278 2
0.68 -0.2448 2
0.69 -0.2622 2
0.7 -0.28 2
0.71 -0.2982 2
0.72 -0.3168 2
0.73 -0.3358 2
0.74 -0.3552 2
0.75 -0.375 2
0.76 -0.3952 2
0.77 -0.4158 2
0.78 -0.4368 2
0.79 -0.4582 2
0.8 -0.48 2
0.81 -0.5022 2
0.82 -0.5248 2
0.83 -0.5478 2
0.84 -0.5712 2
0.85 -0.595 2
0.86 -0.6192 2
0.87 -0.6438 2
0.88 -0.6688 2
0.89 -0.6942 2
0.9 -0.72 2
0.91 -0.7462 2
0.92 -0.7728 2
0.93 -0.7998 2
0.94 -0.8272 2
0.95 -0.855 2
0.96 -0.8832 2
0.97 -0.9118 2
0.98 -0.9408 2
0.99 -0.9702 2

0 0 3
0.01 0.00492425 3
0.02 0.009694 3
0.03 0.0143047 3
0.04 0.018752 3
0.05 0.0230313 3
0.06 0.027138 3
0.07 0.0310677 3
0.08 0.034816 3
0.09 0.0383782 3
0.1 0.04175 3
0.11 0.0449267 3
0.12 0.047904 3
0.13 0.0506772 3
0.14 0.053242 3
0.15 0.0555937 3
0.16 0.057728 3
0.17 0.0596403 3
0.18 0.061326 3
0.19 0.0627808 3
0.2 0.064 3
0.21 0.0649793 3
0.22 0.065714 3
0.23 0.0661997 3
0.24 0.066432 3
0.25 0.0664062 3
0.26 0.066118 3
0.27 0.0655627 3
0.28 0.064736 3
0.29 0.0636332 3
0.3 0.06225 3
0.31 0.0605817 3
0.32 0.058624 3
0.33 0.0563722 3
0.34 0.053822 3
0.35 0.0509687 3
0.36 0.047808 3
0.37 0.0443352 3
0.38 0.040546 3
0.39 0.0364357 3
0.4 0.032 3
0.41 0.0272342 3
0.42 0.022134 3
0.43 0.0166947 3
0.44 0.010912 3
0.45 0.00478125 3
0.46 -0.001702 3
0.47 -0.00854225 3
0.48 -0.015744 3
0.49 -0.0233118 3
0.5 -0.03125 3
0.51 -0.0395633 3
0.52 -0.048256 3
0.53 -0.0573328 3
0.54 -0.066798 3
0.55 -0.0766563 3
0.56 -0.086912 3
0.57 -0.0975698 3
0.58 -0.108634 3
0.59 -0.120109 3
0.6 -0.132 3
0.61 -0.144311 3
0.62 -0.157046 3
0.63 -0.17021 3
0.64 -0.183808 3
0.65 -0.197844 3
0.66 -0.212322 3
0.67 -0.227247 3
0.68 -0.242624 3
0.69 -0.258457 3
0.7 -0.27475 3
0.71 -0.291508 3
0.72 -0.308736 3
0.73 -0.326438 3
0.74 -0.344618 3
0.75 -0.363281 3
0.76 -0.382432 3
0.77 -0.402075 3
0.78 -0.422214 3
0.79 -0.442854 3
0.8 -0.464 3
0.81 -0.485656 3
0.82 -0.507826 3
0.83 -0.530515 3
0.84 -0.553728 3
0.85 -0.577469 3
0.86 -0.601742 3
0.87 -0.626552 3
0.88 -0.651904 3
0.89 -0.677802 3
0.9 -0.70425 3
0.91 -0.731253 3
0.92 -0.758816 3
0.93 -0.786943 3
0.94 -0.815638 3
0.95 -0.844906 3
0.96 -0.874752 3
0.97 -0.90518 3
0.98 -0.936194 3
0.99 -0.967799 3

0 0 4
0.01 -0.00370637 4
0.02 -0.0065785 4
0.03 -0.00867153 4
0.04 -0.0100396 4
0.05 -0.0107356 4
0.06 -0.0108116 4
0.07 -0.0103185 4
0.08 -0.00930611 4
0.09 -0.00782323 4
0.1 -0.00591758 4
0.11 -0.00363581 4
0.12 -0.00102352 4
0.13 0.00187473 4
0.14 0.00501547 4
0.15 0.00835629 4
0.16 0.0118558 4
0.17 0.0154738 4
0.18 0.0191709 4
0.19 0.022909 4
0.2 0.026651 4
0.21 0.0303608 4
0.22 0.0340034 4
0.23 0.0375449 4
0.24 0.0409525 4
0.25 0.0441942 4
0.26 0.0472393 4
0.27 0.0500582 4
0.28 0.0526223 4
0.29 0.0549038 4
0.3 0.0568764 4
0.31 0.0585145 4
0.32 0.0597938 4
0.33 0.0606909 4
0.34 0.0611837 4
0.35 0.0612507 4
0.36 0.060872 4
0.37 0.0600284 4
0.38 0.0587019 4
0.39 0.0568754 4
0.4 0.0545332 4
0.41 0.0516603 4
0.42 0.048243 4
0.43 0.0442686 4
0.44 0.0397253 4
0.45 0.0346025 4
0.46 0.0288908 4
0.47 0.0225815 4
0.48 0.0156674 4
0.49 0.00814199 4
0.5 -1.72359e-16 4
0.51 -0.00876281 4
0.52 -0.0181496 4
0.53 -0.0281626 4
0.54 -0.0388028 4
0.55 -0.0500701 4
0.56 -0.0619636 4
0.57 -0.0744812 4
0.58 -0.0876196 4
0.59 -0.101375 4
0.6 -0.115741 4
0.61 -0.130712 4
0.62 -0.146281 4
0.63 -0.162439 4
0.64 -0.179176 4
0.65 -0.196483 4
0.66 -0.214346 4
0.67 -0.232755 4
0.68 -0.251694 4
0.69 -0.271149 4
0.7 -0.291103 4
0.71 -0.311541 4
0.72 -0.332444 4
0.73 -0.353793 4
0.74 -0.375568 4
0.75 -0.397748 4
0.76 -0.420309 4
0.77 -0.44323 4
0.78 -0.466485 4
0.79 -0.49005 4
0.8 -0.513897 4
0.81 -0.538 4
0.82 -0.562329 4
0.83 -0.586854 4
0.84 -0.611546 4
0.85 -0.636372 4
0.86 -0.6613 4
0.87 -0.686295 4
0.88 -0.711322 4
0.89 -0.736346 4
0.9 -0.761329 4
0.91 -0.786233 4
0.92 -0.811019 4
0.93 -0.835647 4
0.94 -0.860075 4
0.95 -0.884261 4
0.96 -0.908161 4
0.97 -0.931732 4
0.98 -0.954926 4
0.99 -0.977698 4

0 0 5
0.01 -0.000309539 5
0.02 -0.000341428 5
0.03 -0.000103988 5
0.04 0.000393342 5
0.05 0.00114005 5
0.06 0.0021246 5
0.07 0.00333448 5
0.08 0.00475622 5
0.09 0.00637547 5
0.1 0.00817704 5
0.11 0.0101449 5
0.12 0.0122624 5
0.13 0.0145119 5
0.14 0.0168754 5
0.15 0.0193341 5
0.16 0.0218686 5
0.17 0.0244591 5
0.18 0.0270852 5
0.19 0.0297261 5
0.2 0.0323607 5
0.21 0.0349673 5
0.22 0.0375241 5
0.23 0.0400089 5
0.24 0.0423995 5
0.25 0.0446733 5
0.26 0.0468077 5
0.27 0.0487798 5
0.28 0.050567 5
0.29 0.0521465 5
0.3 0.0534956 5
0.31 0.0545917 5
0.32 0.0554122 5
0.33 0.0559349 5
0.34 0.0561378 5
0.35 0.055999 5
0.36 0.0554971 5
0.37 0.0546109 5
0.38 0.0533199 5
0.39 0.0516037 5
0.4 0.0494427 5
0.41 0.0468176 5
0.42 0.0437099 5
0.43 0.0401016 5
0.44 0.0359754 5
0.45 0.0313147 5
0.46 0.0261038 5
0.47 0.0203277 5
0.48 0.0139723 5
0.49 0.00702437 5
0.5 -0.00052834 5
0.51 -0.0086971 5
0.52 -0.0174921 5
0.53 -0.0269225 5
0.54 -0.0369964 5
0.55 -0.0477205 5
0.56 -0.0591005 5
0.57 -0.0711406 5
0.58 -0.0838441 5
0.59 -0.0972125 5
0.6 -0.111246 5
0.61 -0.125944 5
0.62 -0.141303 5
0.63 -0.157319 5
0.64 -0.173987 5
0.65 -0.1913 5
0.66 -0.209247 5
0.67 -0.227818 5
0.68 -0.247002 5
0.69 -0.266783 5
0.7 -0.287145 5
0.71 -0.30807 5
0.72 -0.329539 5
0.73 -0.351529 5
0.74 -0.374016 5
0.75 -0.396975 5
0.76 -0.420376 5
0.77 -0.44419 5
0.78 -0.468384 5
0.79 -0.492923 5
0.8 -0.517771 5
0.81 -0.542887 5
0.82 -0.56823 5
0.83 -0.593755 5
0.84 -0.619416 5
0.85 -0.645164 5
0.86 -0.670946 5
0.87 -0.696708 5
0.88 -0.722394 5
0.89 -0.747942 5
0.9 -0.773291 5
0.91 -0.798376 5
0.92 -0.823127 5
0.93 -0.847475 5
0.94 -0.871345 5
0.95 -0.894659 5
0.96 -0.917339 5
0.97 -0.9393 5
0.98 -0.960458 5
0.99 -0.980722 5

0 0 6
0.01 0.000408993 6
0.02 0.000928135 6
0.03 0.00157044 6
0.04 0.00234612 6
0.05 0.00326271 6
0.06 0.00432518 6
0.07 0.00553608 6
0.08 0.00689562 6
0.09 0.00840182 6
0.1 0.0100506 6
0.11 0.0118359 6
0.12 0.0137499 6
0.13 0.0157829 6
0.14 0.0179235 6
0.15 0.020159 6
0.16 0.0224751 6
0.17 0.0248562 6
0.18 0.0272854 6
0.19 0.0297448 6
0.2 0.0322154 6
0.21 0.0346774 6
0.22 0.0371099 6
0.23 0.0394915 6
0.24 0.0418001 6
0.25 0.0440129 6
0.26 0.0461068 6
0.27 0.0480581 6
0.28 0.0498432 6
0.29 0.0514377 6
0.3 0.0528176 6
0.31 0.0539586 6
0.32 0.0548363 6
0.33 0.0554268 6
0.34 0.0557058 6
0.35 0.0556499 6
0.36 0.0552354 6
0.37 0.0544394 6
0.38 0.0532393 6
0.39 0.051613 6
0.4 0.0495392 6
0.41 0.0469969 6
0.42 0.043966 6
0.43 0.0404273 6
0.44 0.0363622 6
0.45 0.0317531 6
0.46 0.0265833 6
0.47 0.0208372 6
0.48 0.0145002 6
0.49 0.00755854 6
0.5 -1.5946e-16 6
0.51 -0.00818667 6
0.52 -0.0170114 6
0.53 -0.026483 6
0.54 -0.0366087 6
0.55 -0.0473946 6
0.56 -0.0588453 6
0.57 -0.070964 6
0.58 -0.0837524 6
0.59 -0.0972107 6
0.6 -0.111338 6
0.61 -0.12613 6
0.62 -0.141584 6
0.63 -0.157693 6
0.64 -0.17445 6
0.65 -0.191844 6
0.66 -0.209866 6
0.67 -0.228502 6
0.68 -0.247737 6
0.69 -0.267556 6
0.7 -0.28794 6
0.71 -0.30887 6
0.72 -0.330324 6
0.73 -0.352279 6
0.74 -0.374709 6
0.75 -0.397589 6
0.76 -0.420888 6
0.77 -0.444577 6
0.78 -0.468622 6
0.79 -0.492991 6
0.8 -0.517647 6
0.81 -0.542552 6
0.82 -0.567666 6
0.83 -0.592949 6
0.84 -0.618357 6
0.85 -0.643845 6
0.86 -0.669366 6
0.87 -0.694873 6
0.88 -0.720314 6
0.89 -0.745639 6
0.9 -0.770792 6
0.91 -0.79572 6
0.92 -0.820366 6
0.93 -0.84467 6
0.94 -0.868573 6
0.95 -0.892013 6
0.96 -0.914926 6
0.97 -0.937248 6
0.98 -0.958914 6
0.99 -0.979854 6

0 0 7
0.01 0.000114602 7
0.02 0.000423829 7
0.03 0.000926726 7
0.04 0.00162108 7
0.05 0.00250343 7
0.06 0.00356906 7
0.07 0.00481205 7
0.08 0.00622528 7
0.09 0.00780044 7
0.1 0.00952808 7
0.11 0.0113976 7
0.12 0.0133973 7
0.13 0.0155146 7
0.14 0.0177355 7
0.15 0.0200455 7
0.16 0.0224288 7
0.17 0.0248689 7
0.18 0.0273484 7
0.19 0.029849 7
0.2 0.0323518 7
0.21 0.0348371 7
0.22 0.0372847 7
0.23 0.0396736 7
0.24 0.0419824 7
0.25 0.0441892 7
0.26 0.0462718 7
0.27 0.0482075 7
0.28 0.0499733 7
0.29 0.051546 7
0.3 0.0529024 7
0.31 0.0540189 7
0.32 0.0548722 7
0.33 0.0554388 7
0.34 0.0556953 7
0.35 0.0556185 7
0.36 0.0551856 7
0.37 0.0543739 7
0.38 0.0531611 7
0.39 0.0515253 7
0.4 0.0494452 7
0.41 0.0469001 7
0.42 0.0438697 7
0.43 0.0403346 7
0.44 0.036276 7
0.45 0.0316761 7
0.46 0.0265179 7
0.47 0.0207853 7
0.48 0.0144632 7
0.49 0.00753764 7
0.5 -4.22101e-06 7
0.51 -0.0081741 7
0.52 -0.0169825 7
0.53 -0.0264385 7
0.54 -0.03655 7
0.55 -0.0473235 7
0.56 -0.0587639 7
0.57 -0.0708749 7
0.58 -0.0836584 7
0.59 -0.0971148 7
0.6 -0.111243 7
0.61 -0.12604 7
0.62 -0.141502 7
0.63 -0.157622 7
0.64 -0.174393 7
0.65 -0.191805 7
0.66 -0.209846 7
0.67 -0.228503 7
0.68 -0.247761 7
0.69 -0.267604 7
0.7 -0.288012 7
0.71 -0.308966 7
0.72 -0.330442 7
0.73 -0.352416 7
0.74 -0.374864 7
0.75 -0.397756 7
0.76 -0.421063 7
0.77 -0.444753 7
0.78 -0.468795 7
0.79 -0.493151 7
0.8 -0.517787 7
0.81 -0.542664 7
0.82 -0.567741 7
0.83 -0.592978 7
0.84 -0.618331 7
0.85 -0.643757 7
0.86 -0.669208 7
0.87 -0.694639 7
0.88 -0.72 7
0.89 -0.745243 7
0.9 -0.770316 7
0.91 -0.795168 7
0.92 -0.819747 7
0.93 -0.843998 7
0.94 -0.867868 7
0.95 -0.891302 7
0.96 -0.914245 7
0.97 -0.936643 7
0.98 -0.958438 7
0.99 -0.979575 7

0 0 8
0.01 8.91417e-05 8
0.02 0.000382099 8
0.03 0.00087595 8
0.04 0.00156681 8
0.05 0.00244979 8
0.06 0.00351901 8
0.07 0.00476757 8
0.08 0.00618756 8
0.09 0.00777004 8
0.1 0.00950506 8
0.11 0.0113817 8
0.12 0.0133879 8
0.13 0.0155108 8
0.14 0.0177367 8
0.15 0.0200506 8
0.16 0.0224368 8
0.17 0.024879 8
0.18 0.0273597 8
0.19 0.0298608 8
0.2 0.0323635 8
0.21 0.0348481 8
0.22 0.0372945 8
0.23 0.039682 8
0.24 0.0419891 8
0.25 0.0441942 8
0.26 0.0462749 8
0.27 0.0482088 8
0.28 0.049973 8
0.29 0.0515443 8
0.3 0.0528994 8
0.31 0.0540149 8
0.32 0.0548675 8
0.33 0.0554336 8
0.34 0.0556899 8
0.35 0.0556132 8
0.36 0.0551806 8
0.37 0.0543694 8
0.38 0.0531573 8
0.39 0.0515224 8
0.4 0.0494432 8
0.41 0.0468991 8
0.42 0.0438696 8
0.43 0.0403355 8
0.44 0.0362778 8
0.45 0.0316787 8
0.46 0.0265212 8
0.47 0.020789 8
0.48 0.0144673 8
0.49 0.00754191 8
0.5 -1.59089e-16 8
0.51 -0.00817012 8
0.52 -0.0169789 8
0.53 -0.0264355 8
0.54 -0.0365478 8
0.55 -0.0473221 8
0.56 -0.0587636 8
0.57 -0.0708755 8
0.58 -0.08366 8
0.59 -0.0971174 8
0.6 -0.111247 8
0.61 -0.126045 8
0.62 -0.141507 8
0.63 -0.157628 8
0.64 -0.174399 8
0.65 -0.19181 8
0.66 -0.209851 8
0.67 -0.228508 8
0.68 -0.247765 8
0.69 -0.267607 8
0.7 -0.288014 8
0.71 -0.308965 8
0.72 -0.33044 8
0.73 -0.352412 8
0.74 -0.374858 8
0.75 -0.397748 8
0.76 -0.421053 8
0.77 -0.444742 8
0.78 -0.468782 8
0.79 -0.493138 8
0.8 -0.517773 8
0.81 -0.54265 8
0.82 -0.567729 8
0.83 -0.592968 8
0.84 -0.618325 8
0.85 -0.643755 8
0.86 -0.669212 8
0.87 -0.694649 8
0.88 -0.720018 8
0.89 -0.745269 8
0.9 -0.770351 8
0.91 -0.795212 8
0.92 -0.819799 8
0.93 -0.844058 8
0.94 -0.867934 8
0.95 -0.891372 8
0.96 -0.914315 8
0.97 -0.936707 8
0.98 -0.95849 8
0.99 -0.979607 8

0 0 9
0.01 9.96619e-05 9
0.02 0.000398764 9
0.03 0.000895496 9
0.04 0.00158688 9
0.05 0.00246876 9
0.06 0.00353585 9
0.07 0.00478169 9
0.08 0.00619872 9
0.09 0.00777824 9
0.1 0.0095105 9
0.11 0.0113847 9
0.12 0.0133888 9
0.13 0.0155101 9
0.14 0.0177347 9
0.15 0.0200477 9
0.16 0.0224335 9
0.17 0.0248755 9
0.18 0.0273563 9
0.19 0.0298577 9
0.2 0.0323607 9
0.21 0.0348459 9
0.22 0.0372928 9
0.23 0.0396809 9
0.24 0.0419886 9
0.25 0.0441941 9
0.26 0.0462754 9
0.27 0.0482096 9
0.28 0.049974 9
0.29 0.0515455 9
0.3 0.0529006 9
0.31 0.0540162 9
0.32 0.0548687 9
0.33 0.0554346 9
0.34 0.0556907 9
0.35 0.0556138 9
0.36 0.055181 9
0.37 0.0543696 9
0.38 0.0531572 9
0.39 0.0515221 9
0.4 0.0494427 9
0.41 0.0468984 9
0.42 0.0438689 9
0.43 0.0403347 9
0.44 0.036277 9
0.45 0.031678 9
0.46 0.0265205 9
0.47 0.0207885 9
0.48 0.0144669 9
0.49 0.0075417 9
0.5 -1.96273e-08 9
0.51 -0.00816996 9
0.52 -0.0169786 9
0.53 -0.026435 9
0.54 -0.0365472 9
0.55 -0.0473214 9
0.56 -0.0587628 9
0.57 -0.0708747 9
0.58 -0.0836593 9
0.59 -0.0971168 9
0.6 -0.111246 9
0.61 -0.126044 9
0.62 -0.141507 9
0.63 -0.157628 9
0.64 -0.174399 9
0.65 -0.191811 9
0.66 -0.209852 9
0.67 -0.228509 9
0.68 -0.247766 9
0.69 -0.267608 9
0.7 -0.288015 9
0.71 -0.308966 9
0.72 -0.330441 9
0.73 -0.352413 9
0.74 -0.374858 9
0.75 -0.397748 9
0.76 -0.421052 9
0.77 -0.444741 9
0.78 -0.46878 9
0.79 -0.493136 9
0.8 -0.517771 9
0.81 -0.542647 9
0.82 -0.567726 9
0.83 -0.592965 9
0.84 -0.618322 9
0.85 -0.643752 9
0.86 -0.66921 9
0.87 -0.694648 9
0.88 -0.720019 9
0.89 -0.745272 9
0.9 -0.770356 9
0.91 -0.79522 9
0.92 -0.819809 9
0.93 -0.844071 9
0.94 -0.86795 9
0.95 -0.89139 9
0.96 -0.914334 9
0.97 -0.936726 9
0.98 -0.958506 9
0.99 -0.979617 9

0 0 10
0.01 0.000100161 10
0.02 0.000399516 10
0.03 0.000896331 10
0.04 0.00158768 10
0.05 0.00246947 10
0.06 0.00353642 10
0.07 0.00478212 10
0.08 0.00619901 10
0.09 0.00777841 10
0.1 0.00951057 10
0.11 0.0113846 10
0.12 0.0133887 10
0.13 0.01551 10
0.14 0.0177346 10
0.15 0.0200476 10
0.16 0.0224334 10
0.17 0.0248754 10
0.18 0.0273562 10
0.19 0.0298576 10
0.2 0.0323607 10
0.21 0.0348458 10
0.22 0.0372929 10
0.23 0.0396809 10
0.24 0.0419886 10
0.25 0.0441942 10
0.26 0.0462754 10
0.27 0.0482096 10
0.28 0.049974 10
0.29 0.0515455 10
0.3 0.0529007 10
0.31 0.0540162 10
0.32 0.0548687 10
0.33 0.0554346 10
0.34 0.0556907 10
0.35 0.0556138 10
0.36 0.055181 10
0.37 0.0543695 10
0.38 0.0531572 10
0.39 0.051522 10
0.4 0.0494427 10
0.41 0.0468984 10
0.42 0.0438689 10
0.43 0.0403347 10
0.44 0.036277 10
0.45 0.031678 10
0.46 0.0265205 10
0.47 0.0207885 10
0.48 0.0144669 10
0.49 0.00754172 10
0.5 -1.59085e-16 10
0.51 -0.00816994 10
0.52 -0.0169786 10
0.53 -0.026435 10
0.54 -0.0365472 10
0.55 -0.0473214 10
0.56 -0.0587628 10
0.57 -0.0708747 10
0.58 -0.0836593 10
0.59 -0.0971168 10
0.6 -0.111246 10
0.61 -0.126044 10
0.62 -0.141507 10
0.63 -0.157628 10
0.64 -0.174399 10
0.65 -0.191811 10
0.66 -0.209852 10
0.67 -0.228509 10
0.68 -0.247766 10
0.69 -0.267608 10
0.7 -0.288015 10
0.71 -0.308966 10
0.72 -0.330441 10
0.73 -0.352413 10
0.74 -0.374858 10
0.75 -0.397748 10
0.76 -0.421052 10
0.77 -0.444741 10
0.78 -0.46878 10
0.79 -0.493136 10
0.8 -0.517771 10
0.81 -0.542648 10
0.82 -0.567726 10
0.83 -0.592965 10
0.84 -0.618322 10
0.85 -0.643752 10
0.86 -0.66921 10
0.87 -0.694648 10
0.88 -0.720019 10
0.89 -0.745272 10
0.9 -0.770356 10
0.91 -0.795219 10
0.92 -0.819809 10
0.93 -0.844071 10
0.94 -0.867949 10
0.95 -0.891389 10
0.96 -0.914333 10
0.97 -0.936725 10
0.98 -0.958505 10
0.99 -0.979617 10

0 0 11
0.01 9.99543e-05 11
0.02 0.000399216 11
0.03 0.000896011 11
0.04 0.00158739 11
0.05 0.00246922 11
0.06 0.00353624 11
0.07 0.00478199 11
0.08 0.00619893 11
0.09 0.00777838 11
0.1 0.00951056 11
0.11 0.0113847 11
0.12 0.0133888 11
0.13 0.0155101 11
0.14 0.0177346 11
0.15 0.0200476 11
0.16 0.0224335 11
0.17 0.0248754 11
0.18 0.0273562 11
0.19 0.0298576 11
0.2 0.0323607 11
0.21 0.0348458 11
0.22 0.0372928 11
0.23 0.0396809 11
0.24 0.0419886 11
0.25 0.0441942 11
0.26 0.0462754 11
0.27 0.0482096 11
0.28 0.049974 11
0.29 0.0515455 11
0.3 0.0529007 11
0.31 0.0540162 11
0.32 0.0548687 11
0.33 0.0554346 11
0.34 0.0556907 11
0.35 0.0556138 11
0.36 0.055181 11
0.37 0.0543695 11
0.38 0.0531572 11
0.39 0.051522 11
0.4 0.0494427 11
0.41 0.0468984 11
0.42 0.0438689 11
0.43 0.0403347 11
0.44 0.036277 11
0.45 0.031678 11
0.46 0.0265205 11
0.47 0.0207885 11
0.48 0.0144669 11
0.49 0.00754172 11
0.5 -5.96793e-11 11
0.51 -0.00816994 11
0.52 -0.0169786 11
0.53 -0.026435 11
0.54 -0.0365472 11
0.55 -0.0473214 11
0.56 -0.0587628 11
0.57 -0.0708747 11
0.58 -0.0836593 11
0.59 -0.0971168 11
0.6 -0.111246 11
0.61 -0.126044 11
0.62 -0.141507 11
0.63 -0.157628 11
0.64 -0.174399 11
0.65 -0.191811 11
0.66 -0.209852 11
0.67 -0.228509 11
0.68 -0.247766 11
0.69 -0.267608 11
0.7 -0.288015 11
0.71 -0.308966 11
0.72 -0.330441 11
0.73 -0.352413 11
0.74 -0.374858 11
0.75 -0.397748 11
0.76 -0.421052 11
0.77 -0.444741 11
0.78 -0.46878 11
0.79 -0.493136 11
0.8 -0.517771 11
0.81 -0.542648 11
0.82 -0.567726 11
0.83 -0.592965 11
0.84 -0.618322 11
0.85 -0.643752 11
0.86 -0.66921 11
0.87 -0.694648 11
0.88 -0.720019 11
0.89 -0.745272 11
0.9 -0.770356 11
0.91 -0.795219 11
0.92 -0.819809 11
0.93 -0.84407 11
0.94 -0.867949 11
0.95 -0.891389 11
0.96 -0.914333 11
0.97 -0.936724 11
0.98 -0.958505 11
0.99 -0.979616 11

0 0 12
0.01 9.99481e-05 12
0.02 0.000399207 12
0.03 0.000896002 12
0.04 0.00158738 12
0.05 0.00246922 12
0.06 0.00353623 12
0.07 0.00478199 12
0.08 0.00619893 12
0.09 0.00777838 12
0.1 0.00951057 12
0.11 0.0113847 12
0.12 0.0133888 12
0.13 0.0155101 12
0.14 0.0177346 12
0.15 0.0200476 12
0.16 0.0224335 12
0.17 0.0248754 12
0.18 0.0273562 12
0.19 0.0298576 12
0.2 0.0323607 12
0.21 0.0348458 12
0.22 0.0372928 12
0.23 0.0396809 12
0.24 0.0419886 12
0.25 0.0441942 12
0.26 0.0462754 12
0.27 0.0482096 12
0.28 0.049974 12
0.29 0.0515455 12
0.3 0.0529007 12
0.31 0.0540162 12
0.32 0.0548687 12
0.33 0.0554346 12
0.34 0.0556907 12
0.35 0.0556138 12
0.36 0.055181 12
0.37 0.0543695 12
0.38 0.0531572 12
0.39 0.051522 12
0.4 0.0494427 12
0.41 0.0468984 12
0.42 0.0438689 12
0.43 0.0403347 12
0.44 0.036277 12
0.45 0.031678 12
0.46 0.0265205 12
0.47 0.0207885 12
0.48 0.0144669 12
0.49 0.00754172 12
0.5 -1.47173e-16 12
0.51 -0.00816994 12
0.52 -0.0169786 12
0.53 -0.026435 12
0.54 -0.0365472 12
0.55 -0.0473214 12
0.56 -0.0587628 12
0.57 -0.0708747 12
0.58 -0.0836593 12
0.59 -0.0971168 12
0.6 -0.111246 12
0.61 -0.126044 12
0.62 -0.141507 12
0.63 -0.157628 12
0.64 -0.174399 12
0.65 -0.191811 12
0.66 -0.209852 12
0.67 -0.228509 12
0.68 -0.247766 12
0.69 -0.267608 12
0.7 -0.288015 12
0.71 -0.308966 12
0.72 -0.330441 12
0.73 -0.352413 12
0.74 -0.374858 12
0.75 -0.397748 12
0.76 -0.421052 12
0.77 -0.444741 12
0.78 -0.46878 12
0.79 -0.493136 12
0.8 -0.517771 12
0.81 -0.542648 12
0.82 -0.567726 12
0.83 -0.592965 12
0.84 -0.618322 12
0.85 -0.643752 12
0.86 -0.66921 12
0.87 -0.694648 12
0.88 -0.720019 12
0.89 -0.745272 12
0.9 -0.770356 12
0.91 -0.795219 12
0.92 -0.819809 12
0.93 -0.84407 12
0.94 -0.867949 12
0.95 -0.891389 12
0.96 -0.914333 12
0.97 -0.936724 12
0.98 -0.958505 12
0.99 -0.979616 12

0 0 13
0.01 9.99506e-05 13
0.02 0.000399211 13
0.03 0.000896006 13
0.04 0.00158738 13
0.05 0.00246922 13
0.06 0.00353623 13
0.07 0.00478199 13
0.08 0.00619893 13
0.09 0.00777838 13
0.1 0.00951057 13
0.11 0.0113847 13
0.12 0.0133888 13
0.13 0.0155101 13
0.14 0.0177346 13
0.15 0.0200476 13
0.16 0.0224335 13
0.17 0.0248754 13
0.18 0.0273562 13
0.19 0.0298576 13
0.2 0.0323607 13
0.21 0.0348458 13
0.22 0.0372928 13
0.23 0.0396809 13
0.24 0.0419886 13
0.25 0.0441942 13
0.26 0.0462754 13
0.27 0.0482096 13
0.28 0.049974 13
0.29 0.0515455 13
0.3 0.0529007 13
0.31 0.0540162 13
0.32 0.0548687 13
0.33 0.0554346 13
0.34 0.0556907 13
0.35 0.0556138 13
0.36 0.055181 13
0.37 0.0543695 13
0.38 0.0531572 13
0.39 0.051522 13
0.4 0.0494427 13
0.41 0.0468984 13
0.42 0.0438689 13
0.43 0.0403347 13
0.44 0.036277 13
0.45 0.031678 13
0.46 0.0265205 13
0.47 0.0207885 13
0.48 0.0144669 13
0.49 0.00754172 13
0.5 -1.28055e-13 13
0.51 -0.00816994 13
0.52 -0.0169786 13
0.53 -0.026435 13
0.54 -0.0365472 13
0.55 -0.0473214 13
0.56 -0.0587628 13
0.57 -0.0708747 13
0.58 -0.0836593 13
0.59 -0.0971168 13
0.6 -0.111246 13
0.61 -0.126044 13
0.62 -0.141507 13
0.63 -0.157628 13
0.64 -0.174399 13
0.65 -0.191811 13
0.66 -0.209852 13
0.67 -0.228509 13
0.68 -0.247766 13
0.69 -0.267608 13
0.7 -0.288015 13
0.71 -0.308966 13
0.72 -0.330441 13
0.73 -0.352413 13
0.74 -0.374858 13
0.75 -0.397748 13
0.76 -0.421052 13
0.77 -0.444741 13
0.78 -0.46878 13
0.79 -0.493136 13
0.8 -0.517771 13
0.81 -0.542648 13
0.82 -0.567726 13
0.83 -0.592965 13
0.84 -0.618322 13
0.85 -0.643752 13
0.86 -0.66921 13
0.87 -0.694648 13
0.88 -0.720019 13
0.89 -0.745272 13
0.9 -0.770356 13
0.91 -0.795219 13
0.92 -0.819809 13
0.93 -0.84407 13
0.94 -0.867949 13
0.95 -0.891389 13
0.96 -0.914333 13
0.97 -0.936724 13
0.98 -0.958505 13
0.99 -0.979616 13

0 0 14
0.01 9.99507e-05 14
0.02 0.000399211 14
0.03 0.000896006 14
0.04 0.00158738 14
0.05 0.00246922 14
0.06 0.00353623 14
0.07 0.00478199 14
0.08 0.00619893 14
0.09 0.00777838 14
0.1 0.00951057 14
0.11 0.0113847 14
0.12 0.0133888 14
0.13 0.0155101 14
0.14 0.0177346 14
0.15 0.0200476 14
0.16 0.0224335 14
0.17 0.0248754 14
0.18 0.0273562 14
0.19 0.0298576 14
0.2 0.0323607 14
0.21 0.0348458 14
0.22 0.0372928 14
0.23 0.0396809 14
0.24 0.0419886 14
0.25 0.0441942 14
0.26 0.0462754 14
0.27 0.0482096 14
0.28 0.049974 14
0.29 0.0515455 14
0.3 0.0529007 14
0.31 0.0540162 14
0.32 0.0548687 14
0.33 0.0554346 14
0.34 0.0556907 14
0.35 0.0556138 14
0.36 0.055181 14
0.37 0.0543695 14
0.38 0.0531572 14
0.39 0.051522 14
0.4 0.0494427 14
0.41 0.0468984 14
0.42 0.0438689 14
0.43 0.0403347 14
0.44 0.036277 14
0.45 0.031678 14
0.46 0.0265205 14
0.47 0.0207885 14
0.48 0.0144669 14
0.49 0.00754172 14
0.5 -1.3526e-16 14
0.51 -0.00816994 14
0.52 -0.0169786 14
0.53 -0.026435 14
0.54 -0.0365472 14
0.55 -0.0473214 14
0.56 -0.0587628 14
0.57 -0.0708747 14
0.58 -0.0836593 14
0.59 -0.0971168 14
0.6 -0.111246 14
0.61 -0.126044 14
0.62 -0.141507 14
0.63 -0.157628 14
0.64 -0.174399 14
0.65 -0.191811 14
0.66 -0.209852 14
0.67 -0.228509 14
0.68 -0.247766 14
0.69 -0.267608 14
0.7 -0.288015 14
0.71 -0.308966 14
0.72 -0.330441 14
0.73 -0.352413 14
0.74 -0.374858 14
0.75 -0.397748 14
0.76 -0.421052 14
0.77 -0.444741 14
0.78 -0.46878 14
0.79 -0.493136 14
0.8 -0.517771 14
0.81 -0.542648 14
0.82 -0.567726 14
0.83 -0.592965 14
0.84 -0.618322 14
0.85 -0.643752 14
0.86 -0.66921 14
0.87 -0.694648 14
0.88 -0.720019 14
0.89 -0.745272 14
0.9 -0.770356 14
0.91 -0.795219 14
0.92 -0.819809 14
0.93 -0.84407 14
0.94 -0.867949 14
0.95 -0.891389 14
0.96 -0.914333 14
0.97 -0.936724 14
0.98 -0.958505 14
0.99 -0.979616 14

0 0 15
0.01 9.99507e-05 15
0.02 0.000399211 15
0.03 0.000896006 15
0.04 0.00158738 15
0.05 0.00246922 15
0.06 0.00353623 15
0.07 0.00478199 15
0.08 0.00619893 15
0.09 0.00777838 15
0.1 0.00951057 15
0.11 0.0113847 15
0.12 0.0133888 15
0.13 0.0155101 15
0.14 0.0177346 15
0.15 0.0200476 15
0.16 0.0224335 15
0.17 0.0248754 15
0.18 0.0273562 15
0.19 0.0298576 15
0.2 0.0323607 15
0.21 0.0348458 15
0.22 0.0372928 15
0.23 0.0396809 15
0.24 0.0419886 15
0.25 0.0441942 15
0.26 0.0462754 15
0.27 0.0482096 15
0.28 0.049974 15
0.29 0.0515455 15
0.3 0.0529007 15
0.31 0.0540162 15
0.32 0.0548687 15
0.33 0.0554346 15
0.34 0.0556907 15
0.35 0.0556138 15
0.36 0.055181 15
0.37 0.0543695 15
0.38 0.0531572 15
0.39 0.051522 15
0.4 0.0494427 15
0.41 0.0468984 15
0.42 0.0438689 15
0.43 0.0403347 15
0.44 0.036277 15
0.45 0.031678 15
0.46 0.0265205 15
0.47 0.0207885 15
0.48 0.0144669 15
0.49 0.00754172 15
0.5 -3.48495e-16 15
0.51 -0.00816994 15
0.52 -0.0169786 15
0.53 -0.026435 15
0.54 -0.0365472 15
0.55 -0.0473214 15
0.56 -0.0587628 15
0.57 -0.0708747 15
0.58 -0.0836593 15
0.59 -0.0971168 15
0.6 -0.111246 15
0.61 -0.126044 15
0.62 -0.141507 15
0.63 -0.157628 15
0.64 -0.174399 15
0.65 -0.191811 15
0.66 -0.209852 15
0.67 -0.228509 15
0.68 -0.247766 15
0.69 -0.267608 15
0.7 -0.288015 15
0.71 -0.308966 15
0.72 -0.330441 15
0.73 -0.352413 15
0.74 -0.374858 15
0.75 -0.397748 15
0.76 -0.421052 15
0.77 -0.444741 15
0.78 -0.46878 15
0.79 -0.493136 15
0.8 -0.517771 15
0.81 -0.542648 15
0.82 -0.567726 15
0.83 -0.592965 15
0.84 -0.618322 15
0.85 -0.643752 15
0.86 -0.66921 15
0.87 -0.694648 15
0.88 -0.720019 15
0.89 -0.745272 15
0.9 -0.770356 15
0.91 -0.795219 15
0.92 -0.819809 15
0.93 -0.84407 15
0.94 -0.867949 15
0.95 -0.891389 15
0.96 -0.914333 15
0.97 -0.936724 15
0.98 -0.958505 15
0.99 -0.979616 15

