1 4.93038e-32
2 3.07709e-17
3 4.44089e-16
4 1.44329e-15
5 4.70457e-15
6 6.10623e-16
7 1.61815e-14
8 3.34455e-15
9 8.67362e-15
10 2.0664e-14
11 1.93109e-14
12 1.21146e-13
13 4.64767e-14
14 9.03999e-14
15 3.14526e-13
16 1.24768e-13
17 1.79397e-12
18 6.19144e-13
19 2.18324e-11
20 3.80966e-12
21 8.96295e-12
22 2.30237e-11
23 1.58392e-11
24 5.84532e-11
25 4.14981e-11
26 1.56049e-10
27 1.66523e-10
28 3.7457e-10
29 6.70981e-10
30 1.01119e-09
31 6.72416e-08
32 1.83906e-09
33 2.61663e-08
34 1.89681e-08
35 1.18318e-08
36 1.49934e-07
37 2.35006e-08
