4.41508e-13
2.80265
3.76143
3.19206
1.6917
0.0406516
1.39624
2.00495
1.80051
0.990505
0.0509376
0.927649
1.35448
1.23823
0.685833
0.0553202
0.698384
1.02125
0.938206
0.517331
0.0576946
0.563335
0.819833
0.752538
0.410803
0.0591707
0.474558
0.685233
0.626543
0.337484
0.0601734
0.411817
0.589014
0.535501
0.283971
0.0608977
0.365138
0.516829
0.466653
0.243198
0.0614449
0.329054
0.46067
0.412761
0.211097
0.0618728
0.300322
0.415726
0.36942
0.185161
0.0622165
0.276895
0.378932
0.333798
0.163763
0.0624988
0.257422
0.348245
0.303991
0.145802
0.0627347
0.240974
0.322251
0.278672
0.130505
0.0629349
0.226892
0.299941
0.256891
0.117315
0.063107
0.214693
0.280576
0.237946
0.10582
0.0632566
0.20402
0.263602
0.22131
0.0957086
0.0633878
0.194599
0.248594
0.206579
0.0867411
0.063504
0.186218
0.235225
0.193437
0.0787303
0.0636076
0.17871
0.223233
0.181635
0.0715276
0.0637005
0.171943
0.212413
0.170973
0.0650135
0.0637844
0.165809
0.202594
0.161289
0.0590911
0.0638606
0.160221
0.193642
0.15245
0.0536807
0.0639302
0.155107
0.185441
0.144347
0.0487165
0.0639939
0.150407
0.177897
0.136888
0.0441432
0.0640525
0.14607
0.170932
0.129995
0.0399144
0.0641066
0.142054
0.164478
0.123605
0.0359909
0.0641568
0.138323
0.158478
0.11766
0.0323388
0.0642035
0.134845
0.152883
0.112113
0.0289295
0.064247
0.131595
0.147651
0.106923
0.0257379
0.0642878
0.12855
0.142746
0.102055
0.0227425
0.064326
0.125688
0.138135
0.0974763
0.0199243
0.0643619
0.122994
0.13379
0.0931609
0.0172667
0.0643957
0.12045
0.129689
0.0890846
0.0147554
0.0644277
0.118045
0.125807
0.085226
0.0123772
0.0644579
0.115765
0.122128
0.0815665
0.0101209
0.0644866
0.113601
0.118633
0.0780894
0.00797634
0.0645138
0.111542
0.115307
0.0747797
0.00593436
0.0645397
0.10958
0.112137
0.0716242
0.00398686
0.0645645
0.107708
0.109112
0.0686108
0.00212653
0.064588
0.105918
0.106218
0.0657288
0.000346808
0.0646106
0.104205
0.103448
0.0629685
0.00135827
0.0646322
0.102563
0.100792
0.060321
0.00299409
0.0646529
0.100987
0.0982415
0.0577783
0.00456555
0.0646728
0.099472
0.0957895
0.0553332
0.00607711
0.064692
0.098014
0.0934292
0.0529789
0.00753282
0.0647104
0.0966091
0.0911545
0.0507094
0.0089364
0.0647281
0.0952539
0.0889597
0.0485192
0.0102913
0.0647453
0.0939452
0.0868396
0.0464032
0.0116006
0.0647618
0.0926799
0.0847896
0.0443566
0.0128671
0.0647778
0.0914554
0.0828052
0.0423751
0.0140936
0.0647933
0.0902691
0.0808824
0.0404548
0.0152825
0.0648083
0.0891188
0.0790174
0.0385919
0.0164361
0.0648229
0.0880022
0.0772069
0.036783
0.0175564
0.064837
0.0869174
0.0754476
0.035025
0.0186453
0.0648508
0.0858625
0.0737365
0.0333149
0.0197048
0.0648641
0.0848359
0.0720709
0.03165
0.0207365
0.0648771
0.0838358
0.0704482
0.0300276
0.021742
0.0648898
0.0828608
0.068866
0.0284455
0.0227226
0.0649022
0.0819096
0.067322
0.0269014
0.0236799
0.0649142
0.0809807
0.0658142
0.0253932
0.024615
0.064926
0.0800731
0.0643405
0.0239189
0.0255293
0.0649375
0.0791854
0.0628991
0.0224768
0.0264237
0.0649488
0.0783167
0.0614883
0.021065
0.0272994
0.0649598
0.077466
0.0601065
0.0196821
0.0281574
0.0649706
0.0766322
0.058752
0.0183263
0.0289987
0.0649812
0.0758145
0.0574235
0.0169963
0.029824
0.0649916
0.075012
0.0561195
0.0156907
0.0306343
0.0650018
0.074224
0.0548388
0.0144083
0.0314303
0.0650118
0.0734496
0.0535801
0.0131478
0.0322129
0.0650216
0.0726881
0.0523423
0.0119079
0.0329826
0.0650313
0.0719388
0.0511242
0.0106878
0.0337403
0.0650408
0.0712012
0.0499248
0.00948617
0.0344865
0.0650502
0.0704745
0.0487431
0.00830215
0.0352219
0.0650594
0.0697582
0.0475781
0.00713476
0.035947
0.0650685
0.0690517
0.046429
0.00598308
0.0366625
0.0650775
0.0683544
0.0452948
0.00484624
0.0373688
0.0650864
0.0676659
0.0441747
0.00372341
0.0380665
0.0650951
0.0669857
0.0430678
0.00261378
0.0387561
0.0651038
0.0663132
0.0419735
0.00151659
0.039438
0.0651124
0.065648
0.040891
0.000431086
0.0401128
0.0651208
0.0649897
0.0398196
0.000643433
0.0407807
0.0651292
0.0643378
0.0387585
0.00170766
0.0414424
0.0651375
0.063692
0.0377071
0.00276226
0.0420981
0.0651457
0.0630518
0.0366649
0.00380787
0.0427483
0.0651539
0.0624169
0.035631
0.00484513
0.0433934
0.065162
0.0617868
0.034605
0.00587462
0.0440337
0.06517
0.0611613
0.0335862
0.00689696
0.0446696
0.065178
0.0605399
0.0325741
0.0079127
0.0453015
0.0651859
0.0599223
0.0315681
0.00892241
0.0459297
0.0651937
0.0593082
0.0305677
0.00992664
0.0465546
0.0652016
0.0586972
0.0295723
0.0109259
0.0471764
0.0652094
0.0580891
0.0285814
0.0119208
0.0477955
0.0652171
0.0574835
0.0275945
0.0129117
0.0484123
0.0652248
0.05688
0.026611
0.0138993
0.049027
0.0652325
0.0562785
0.0256306
0.0148839
0.04964
0.0652402
0.0556785
0.0246526
0.0158662
0.0502516
0.0652478
0.0550799
0.0236766
0.0168466
0.050862
0.0652555
0.0544822
0.0227022
0.0178255
0.0514716
0.0652631
0.0538851
0.0217287
0.0188035
0.0520807
0.0652707
0.0532885
0.0207558
0.0197811
0.0526895
0.0652783
0.052692
0.019783
0.0207587
0.0532985
0.065286
0.0520952
0.0188097
0.0217368
0.0539078
0.0652936
0.051498
0.0178355
0.0227159
0.0545178
0.0653012
0.0509
0.01686
0.0236966
0.0551288
0.0653088
0.0503009
0.0158825
0.0246791
0.055741
0.0653165
0.0497004
0.0149028
0.0256642
0.0563549
0.0653242
0.0490982
0.0139201
0.0266522
0.0569707
0.0653318
0.048494
0.0129341
0.0276437
0.0575887
0.0653396
0.0478876
0.0119443
0.0286391
0.0582092
0.0653473
0.0472785
0.0109501
0.0296391
0.0588326
0.0653551
0.0466664
0.00995096
0.0306441
0.0594592
0.0653629
0.0460511
0.00894643
0.0316546
0.0600894
0.0653708
0.0454322
0.00793591
0.0326712
0.0607234
0.0653787
0.0448094
0.00691887
0.0336946
0.0613616
0.0653867
0.0441823
0.00589473
0.0347251
0.0620044
0.0653947
0.0435505
0.00486291
0.0357636
0.0626522
0.0654028
0.0429137
0.0038228
0.0368104
0.0633053
0.0654109
0.0422716
0.00277378
0.0378663
0.0639641
0.0654191
0.0416237
0.00171522
0.038932
0.0646291
0.0654274
0.0409695
0.000646445
0.0400081
0.0653006
0.0654358
0.0403088
0.000433216
0.0410952
0.0659792
0.0654442
0.0396411
0.00152448
0.0421941
0.0666651
0.0654528
0.0389659
0.00262807
0.0433056
0.067359
0.0654614
0.0382828
0.00374476
0.0444304
0.0680612
0.0654702
0.0375912
0.00487535
0.0455693
0.0687724
0.065479
0.0368907
0.00602065
0.0467231
0.069493
0.065488
0.0361808
0.00718155
0.0478928
0.0702235
0.0654971
0.0354608
0.00835894
0.0490793
0.0709646
0.0655063
0.0347303
0.00955378
0.0502835
0.0717169
0.0655157
0.0339886
0.010767
0.0515064
0.0724809
0.0655252
0.0332351
0.0119998
0.0527491
0.0732574
0.0655348
0.0324691
0.0132531
0.0540127
0.0740471
0.0655447
0.0316899
0.0145282
0.0552984
0.0748507
0.0655546
0.0308968
0.0158262
0.0566074
0.0756689
0.0655648
0.0300889
0.0171484
0.057941
0.0765026
0.0655752
0.0292656
0.0184962
0.0593005
0.0773527
0.0655857
0.0284259
0.019871
0.0606875
0.0782201
0.0655965
0.0275689
0.0212744
0.0621035
0.0791057
0.0656075
0.0266935
0.0227079
0.0635502
0.0800106
0.0656187
0.0257989
0.0241732
0.0650292
0.0809358
0.0656302
0.0248838
0.0256723
0.0665424
0.0818826
0.065642
0.0239471
0.027207
0.0680918
0.0828523
0.065654
0.0229876
0.0287794
0.0696795
0.083846
0.0656663
0.0220038
0.0303916
0.0713078
0.0848653
0.065679
0.0209945
0.0320462
0.072979
0.0859116
0.0656919
0.0199579
0.0337455
0.0746958
0.0869867
0.0657053
0.0188926
0.0354924
0.0764609
0.0880922
0.065719
0.0177967
0.0372898
0.0782773
0.08923
0.0657331
0.0166683
0.0391407
0.0801482
0.0904022
0.0657476
0.0155054
0.0410486
0.082077
0.0916109
0.0657625
0.0143058
0.0430171
0.0840676
0.0928585
0.065778
0.013067
0.0450502
0.0861238
0.0941476
0.0657939
0.0117866
0.0471522
0.0882502
0.0954809
0.0658104
0.0104617
0.0493277
0.0904514
0.0968614
0.0658275
0.00908915
0.0515818
0.0927326
0.0982924
0.0658451
0.00766576
0.0539199
0.0950995
0.0997775
0.0658635
0.00618787
0.0563482
0.0975582
0.101321
0.0658825
0.00465151
0.0588732
0.100115
0.102926
0.0659023
0.00305233
0.0615021
0.102778
0.104598
0.065923
0.00138558
0.0642428
0.105556
0.106342
0.0659445
0.000354015
0.067104
0.108456
0.108164
0.0659669
0.00217224
0.0700955
0.111489
0.110071
0.0659904
0.00407551
0.0732278
0.114666
0.112068
0.066015
0.00607095
0.0765129
0.117998
0.114163
0.0660408
0.00816647
0.0799639
0.121501
0.116367
0.0660679
0.0103709
0.0835955
0.125188
0.118687
0.0660964
0.0126941
0.0874242
0.129076
0.121135
0.0661264
0.0151473
0.0914686
0.133185
0.123722
0.0661582
0.0177429
0.0957496
0.137537
0.126464
0.0661918
0.0204951
0.100291
0.142155
0.129375
0.0662275
0.0234201
0.105119
0.147067
0.132473
0.0662654
0.0265361
0.110266
0.152306
0.135778
0.0663059
0.0298643
0.115766
0.157907
0.139314
0.0663491
0.0334288
0.121659
0.163912
0.143107
0.0663954
0.0372577
0.127994
0.170371
0.147189
0.0664452
0.0413837
0.134825
0.177341
0.151597
0.0664988
0.045845
0.142215
0.184887
0.156373
0.0665569
0.0506867
0.150242
0.193089
0.161569
0.0666201
0.0559623
0.158996
0.202042
0.167244
0.0666889
0.0617357
0.168584
0.211857
0.173472
0.0667643
0.0680842
0.179138
0.222671
0.180341
0.0668473
0.0751018
0.190817
0.234651
0.187959
0.0669392
0.0829041
0.203817
0.248004
0.196461
0.0670415
0.0916349
0.218384
0.262987
0.206015
0.0671562
0.101475
0.234828
0.279926
0.216833
0.0672856
0.112657
0.253545
0.299242
0.22919
0.067433
0.125481
0.275052
0.321482
0.243448
0.0676024
0.140344
0.300036
0.347378
0.26009
0.0677992
0.157783
0.329428
0.377926
0.279777
0.0680307
0.178542
0.364524
0.414521
0.30344
0.0683072
0.203678
0.407179
0.459174
0.33243
0.0686433
0.234752
0.460151
0.514895
0.368786
0.0690605
0.274159
0.527718
0.586399
0.415737
0.0695925
0.325781
0.616885
0.681506
0.478703
0.0702937
0.39633
0.739954
0.814175
0.56753
0.0712594
0.498479
0.920642
1.01192
0.702086
0.0726708
0.659249
1.21104
1.33716
0.929074
0.0749179
0.947699
1.75069
1.96612
1.38824
0.0790018
1.6028
3.06637
3.63586
2.73989
0.088348
4.21846
9.68445
15.5222
