35.2187
44.9309
38.6855
29.1164
26.668
25.661
25.1884
24.9649
24.8586
24.7625
24.6693
24.5779
24.4878
24.3986
24.3099
24.2215
24.1332
24.045
23.9567
23.8683
23.7796
23.6907
23.6014
23.5119
23.422
23.3317
23.241
23.1498
23.0583
22.9663
22.8739
22.781
22.6877
22.5939
22.4997
22.4049
22.3098
22.2141
22.118
22.0215
21.9244
21.827
21.729
21.6306
21.5317
21.4324
21.3327
21.2324
21.1318
21.0307
20.9292
20.8272
20.7248
20.622
20.5187
20.4151
20.311
20.2065
20.1017
19.9964
19.8907
19.7847
19.6782
19.5714
19.4642
19.3567
19.2487
19.1405
19.0318
18.9229
18.8136
18.7039
18.5939
18.4836
18.373
18.2621
18.1509
18.0393
17.9275
17.8154
17.703
17.5903
17.4774
17.3642
17.2507
17.137
17.023
16.9088
16.7944
16.6797
16.5649
16.4498
16.3345
16.219
16.1033
15.9874
15.8713
15.7551
15.6387
15.5222
15.4054
15.2886
15.1716
15.0544
14.9372
14.8198
14.7023
14.5847
14.467
14.3492
14.2313
14.1133
13.9953
13.8772
13.759
13.6408
13.5225
13.4042
13.2858
13.1675
13.0491
12.9307
12.8123
12.6939
12.5755
12.4571
12.3388
12.2204
12.1021
11.9839
11.8657
11.7476
11.6295
11.5115
11.3936
11.2757
11.158
11.0403
10.9228
10.8053
10.688
10.5708
10.4537
10.3368
10.22
10.1034
9.98693
9.87063
9.7545
9.63855
9.52278
9.40721
9.29183
9.17666
